Iterations for I = 2
1
1
1
1
1
1
1
1
1
1
1
1
1
1
1
1
1
1
1
1
1
1
1
1
1
1
1
1
1
1
1
1
1
1
1
1
1
1
1
1
1
1
1
1
1
1
1
1
1
1
1
1
1
1
1
1
1
1
1
1
1
1
1
1
1
1
1
1
1
1
1
1
1
1
1
1
1
1
1
1
1
1
1
1
1
1
1
1
1
1
1
1
1
1
1
1
1
1
1
1
1
1
1
1
1
1
1
1
1
1
1
1
1
1
1
1
1
1
1
1
1
1
1
1
1
1
1
1
1
1
1
1
1
1
1
1
1
1
1
1
1
1
1
1
1
1
1
1
1
1
1
1
1
1
1
1
1
1
1
1
1
1
1
1
1
1
1
1
1
1
1
1
1
1
1
1
1
1
1
1
1
1
1
1
1
1
1
1
1
1
1
1
1
1
1
1
1
1
1
1
1
1
1
1
1
1
1
1
1
1
1
1
1
1
1
1
1
1
1
1
1
1
1
1
1
1
1
1
1
1
1
1
1
1
1
1
1
1
1
1
1
1
1
1
1
1
1
1
1
1
1
1
1
1
1
1
1
1
1
1
1
1
1
1
1
1
1
1
1
1
1
1
1
1
1
1
1
1
1
1
1
1
1
1
1
1
1
1
1
1
1
1
1
1
1
1
1
1
1
1
1
1
1
1
1
1
1
1
1
1
1
1
1
1
1
1
1
1
1
1
1
1
1
1
1
1
1
1
1
1
1
1
1
1
1
1
1
1
1
1
1
1
1
1
1
1
1
1
1
1
1
1
1
1
1
1
1
1
1
1
1
1
1
1
1
1
1
1
1
1
1
1
1
1
1
1
1
1
1
1
1
1
1
1
1
1
1
1
1
1
1
1
1
1
1
1
1
1
1
1
1
1
1
1
1
1
1
1
1
1
1
1
1
1
1
1
1
1
1
1
1
1
1
1
1
1
1
1
1
1
1
1
1
1
1
1
1
1
1
1
1
1
1
1
1
1
1
1
1
1
1
1
1
1
1
1
1
1
1
1
1
1
1
1
1
1
1
1
1
1
1
1
1
1
1
1
1
1
1
1
1
1
1
1
1
1
1
1
1
1
1
1
1
1
1
1
1
1
1
1
1
1
1
1
1
1
1
1
1
1
1
1
1
1
1
1
1
1
1
1
1
1
1
1
1
1
1
1
1
1
1
1
1
1
1
1
1
1
1
1
1
1
1
1
1
1
1
1
1
1
1
1
1
1
1
1
1
1
1
1
1
1
1
1
1
1
1
1
1
1
1
1
1
1
1
1
1
1
1
1
1
1
1
1
1
1
1
1
1
1
1
1
1
1
1
1
1
1
1
1
1
1
1
1
1
1
1
1
1
1
1
1
1
1
1
1
1
1
1
1
1
1
1
1
1
1
1
1
1
1
1
1
1
1
1
1
1
1
1
1
1
1
1
1
1
1
1
1
1
1
1
1
1
1
1
1
1
1
1
1
1
1
1
1
1
1
1
1
1
1
1
1
1
1
1
1
1
1
1
1
1
1
1
1
1
1
1
1
1
1
1
1
1
1
1
1
1
1
1
1
1
1
1
1
1
1
1
1
1
1
1
1
1
1
1
1
1
1
1
1
1
1
1
1
1
1
1
1
1
1
1
1
1
1
1
1
1
1
1
1
1
1
1
1
1
1
1
1
1
1
1
1
1
1
1
1
1
1
1
1
1
1
1
1
1
1
1
1
1
1
1
1
1
1
1
1
1
1
1
1
1
1
1
1
1
1
1
1
1
1
1
1
1
1
1
1
1
1
1
1
1
1
1
1
1
1
1
1
1
1
1
1
1
1
1
1
1
1
1
1
1
1
1
1
1
1
1
1
1
1
1
1
1
1
1
1
1
1
1
1
1
1
1
1
1
1
1
1
1
1
1
1
1
1
1
1
1
1
1
1
1
1
1
1
1
1
1
1
1
1
1
1
1
1
1
1
1
1
1
1
1
1
1
1
1
1
1
1
1
1
1
1
1
1
1
1
1
1
1
1
1
1
1
1
1
1
1
1
1
1
1
1
1
1
1
1
1
1
1
1
1
1
1
1
1
1
1
1
1
1
1
1
1
1
1
1
1
1
1
1
1
1
1
1
1
1
1
1
1
1
1
1
1
1
1
1
1
1
1
1
1
1
1
1
1
1
1
1
1
1
1
1
1
1
1
1
1
1
1
1
1
1
1
1
1
1
1
1
1
1
1
1
1
1
1
1
1
1
1
1
Iterations for I = 4
7
4
8
6
6
27
18
16
10
31
9
9
5
11
9
27
8
13
6
10
16
9
3
7
22
10
21
4
11
19
22
15
16
10
8
32
8
4
6
5
17
7
14
9
12
8
14
5
19
4
4
10
10
6
29
16
14
13
16
2
22
3
30
9
5
8
3
24
22
19
8
8
9
3
8
8
14
21
11
22
8
11
21
4
18
4
25
18
30
15
19
9
2
30
19
23
31
31
37
5
17
14
14
29
8
28
10
5
20
3
10
4
16
18
10
13
8
12
7
14
7
5
7
5
19
18
28
10
27
7
10
7
12
15
30
12
4
7
9
7
14
5
13
12
11
9
12
17
27
11
13
12
4
16
6
3
20
25
6
3
16
9
19
4
17
5
4
4
2
9
6
3
22
9
12
5
25
19
19
5
16
7
26
2
11
32
11
11
7
2
22
21
18
2
11
11
15
18
11
2
8
6
14
9
9
9
34
7
6
10
16
13
10
4
23
15
5
7
9
5
11
2
3
4
54
8
7
6
24
11
2
1
12
9
42
3
3
7
17
7
7
20
18
12
11
8
8
6
16
4
6
3
4
5
10
4
15
15
3
7
2
16
69
21
3
47
7
19
13
4
6
11
15
6
14
8
5
12
37
3
17
14
9
3
6
9
26
13
26
23
15
2
15
10
24
10
10
20
10
15
6
44
20
17
19
27
28
46
45
19
13
27
36
3
6
19
41
10
12
44
41
3
20
22
2
13
41
10
4
14
7
14
3
13
39
5
6
17
11
22
6
20
12
30
6
22
30
15
20
4
3
4
2
14
1
5
26
9
9
13
5
23
6
10
7
18
12
4
5
10
22
12
10
22
7
73
9
6
1
26
12
7
2
22
10
14
1
40
14
8
11
16
40
2
8
5
14
8
11
22
43
14
25
19
16
6
29
34
11
23
49
8
26
10
43
10
29
3
32
10
12
11
8
27
3
7
12
2
8
33
25
4
4
5
21
7
42
9
2
16
15
18
9
7
19
40
12
25
30
12
23
7
28
52
13
11
37
10
15
10
22
18
11
14
8
8
34
32
3
30
1
8
6
8
26
15
37
32
8
11
16
11
38
12
8
14
28
7
11
4
12
6
29
16
13
23
31
34
16
4
30
10
33
7
20
1
10
18
2
14
5
6
21
19
15
5
12
15
24
9
2
6
20
5
1
12
11
4
9
3
24
27
25
18
4
20
21
5
10
18
14
13
4
17
4
6
14
16
11
8
24
25
17
12
8
15
7
9
34
2
1
26
7
28
11
6
48
7
23
20
7
11
16
16
12
16
47
11
34
6
10
8
15
4
12
15
21
8
5
1
10
17
17
6
19
8
6
18
32
4
35
9
3
13
8
43
8
2
18
14
8
2
7
6
3
12
14
8
13
12
26
6
7
13
27
23
13
11
34
15
12
8
9
8
14
4
14
3
24
17
4
6
10
10
5
23
21
8
20
8
5
31
6
24
7
8
41
6
16
22
2
12
12
3
7
11
12
6
9
48
24
10
1
6
7
11
10
13
15
32
10
7
4
11
21
13
7
9
20
14
16
30
7
17
6
17
18
3
15
8
3
17
17
5
23
44
46
29
21
10
50
7
5
21
30
9
14
67
30
4
3
12
7
11
4
20
23
33
20
10
11
12
12
12
2
12
17
30
20
2
28
7
8
12
18
26
7
9
1
9
16
17
23
17
26
5
6
18
10
2
12
5
3
1
27
13
28
39
29
19
42
13
9
19
17
11
33
3
4
13
27
19
40
26
13
4
6
15
18
23
5
8
3
12
13
17
11
18
16
12
17
16
16
9
32
22
19
14
15
19
24
11
20
10
17
4
10
13
23
8
17
20
5
36
11
7
4
27
9
19
16
19
8
29
7
7
65
4
24
4
11
1
16
72
10
29
1
8
36
11
3
17
15
22
9
24
9
4
34
29
9
8
20
7
6
25
13
6
34
34
16
3
21
15
15
16
8
2
28
6
8
22
13
22
20
7
17
11
18
13
4
20
8
27
62
44
46
7
38
11
7
6
14
12
6
9
11
17
11
7
11
18
10
9
6
18
3
14
18
21
14
4
4
2
30
21
13
15
30
14
24
16
9
33
11
28
4
48
10
25
9
5
12
11
2
23
3
6
30
16
15
15
26
10
22
8
24
14
14
3
16
9
22
2
10
26
9
6
9
8
20
24
7
13
11
35
8
14
17
18
14
29
12
15
25
25
14
11
4
18
6
6
15
4
3
14
9
10
8
28
Iterations for I = 5
133
16
20
108
96
104
114
50
40
24
150
312
312
25
64
72
76
78
27
13
184
80
8
351
546
500
66
130
63
104
130
28
30
296
176
54
5
70
11
24
112
30
27
4
64
252
105
90
37
80
95
42
12
119
75
24
30
42
32
234
360
54
121
424
96
16
112
66
30
248
132
96
96
15
7
88
16
9
153
378
300
120
18
32
70
60
33
5
124
57
168
40
120
72
78
494
120
75
66
13
72
12
108
350
64
165
162
182
90
84
324
15
96
8
81
72
60
105
128
90
63
88
11
213
108
35
70
27
7
12
50
156
143
112
45
9
64
112
64
80
215
22
21
160
154
8
224
322
10
52
98
51
110
77
36
64
559
72
140
180
26
20
234
22
24
144
54
2
96
403
27
20
42
39
240
110
102
7
152
22
60
69
41
9
28
57
8
5
156
14
42
136
180
154
20
90
52
583
189
132
90
572
224
72
42
210
60
24
48
80
108
105
210
300
81
13
64
14
342
20
102
154
12
75
112
39
112
85
204
66
115
36
12
102
24
77
180
20
56
32
48
72
84
125
99
20
570
32
36
208
18
112
90
18
12
20
21
28
6
630
84
91
96
160
287
33
102
42
210
27
6
80
30
30
792
80
35
180
120
125
108
16
174
28
72
56
36
60
87
135
24
35
224
187
460
16
27
40
60
252
4
29
76
200
112
423
4
75
448
25
33
539
560
84
24
60
39
24
88
70
32
8
77
33
49
25
42
52
48
100
255
54
153
22
72
96
126
348
48
275
50
30
32
6
285
261
24
273
224
940
50
30
52
110
50
9
30
12
37
250
24
66
138
144
96
144
285
28
18
198
180
36
171
32
6
125
6
21
40
30
40
105
22
42
42
78
92
14
120
265
49
105
12
24
253
42
48
48
60
40
112
525
18
77
40
140
180
36
216
40
182
352
63
72
13
54
24
252
15
24
180
14
242
55
126
108
30
90
108
96
136
10
120
125
80
80
88
325
61
54
24
484
34
128
260
14
129
9
88
440
35
352
648
495
32
72
120
8
33
80
594
20
144
594
112
39
216
165
40
65
248
96
23
4
24
76
90
480
391
16
24
55
234
5
30
100
85
78
160
49
253
20
58
76
120
180
20
90
105
160
66
220
72
12
126
33
63
88
54
54
594
96
54
22
242
60
240
20
44
12
36
144
27
40
108
210
242
344
52
60
21
10
874
10
54
192
80
80
176
11
66
132
85
112
51
306
30
714
630
88
325
2
76
741
44
12
165
174
12
390
240
3
80
36
80
20
4
27
56
92
133
119
84
44
52
667
123
140
7
16
35
119
36
10
75
72
44
65
144
88
24
34
90
60
90
24
224
3
176
27
52
182
32
48
184
297
40
180
286
20
30
14
91
44
180
15
44
52
520
60
343
64
96
126
110
92
32
48
114
50
315
477
57
48
110
90
690
42
99
64
12
273
38
56
150
42
69
288
300
234
9
86
66
126
8
120
42
312
230
12
102
4
12
42
476
72
37
54
28
2
96
18
357
180
143
128
99
264
21
39
60
26
28
228
38
50
130
28
2
10
36
65
16
120
4
80
66
92
100
64
143
119
56
54
30
168
153
108
243
88
224
228
24
112
33
126
56
78
240
432
72
17
68
80
77
60
138
64
60
55
36
145
96
245
76
8
138
54
48
165
144
140
516
42
98
126
21
84
90
13
24
84
9
122
147
88
198
170
78
90
24
24
90
162
230
171
39
68
112
40
30
50
320
300
95
42
96
168
196
96
154
70
75
64
24
108
100
16
72
115
136
27
196
82
46
21
48
54
100
26
57
252
147
165
34
144
75
55
36
18
32
18
128
340
87
58
621
87
95
58
21
18
19
110
145
260
51
154
13
238
19
91
147
504
48
171
48
66
48
42
11
468
225
9
84
156
33
180
55
132
16
160
70
36
216
361
238
13
270
120
40
90
210
60
8
140
60
11
128
88
240
11
9
20
27
57
10
54
48
135
78
108
175
50
208
28
34
160
180
11
6
304
9
324
16
26
300
28
39
27
64
15
25
126
4
70
39
56
54
8
95
120
130
6
9
35
56
64
21
24
15
80
54
55
42
20
629
30
40
8
24
270
56
168
48
21
9
108
28
187
18
80
105
19
18
39
3
8
91
18
38
35
207
18
48
135
15
75
63
4
468
32
52
40
20
20
16
6
105
10
80
63
60
4
196
44
60
162
15
16
24
90
14
42
33
28
442
95
50
12
42
55
90
66
48
126
187
30
6
54
Iterations for I = 6
620
91
660
920
184
66
136
218
680
20
91
157
688
76
910
442
44
55
52
250
51
293
9
118
307
286
330
2615
157
610
9
26
112
388
1160
508
43
10
36
70
680
3540
1665
286
280
21
1750
100
118
20
106
730
64
252
148
928
136
1290
122
226
983
770
214
190
410
397
16
78
614
18
38
562
127
93
430
360
36
202
24
972
1638
400
466
188
635
139
26
61
223
1064
61
232
103
340
1019
95
45
316
6
440
320
48
112
7
187
43
1665
30
205
14
623
162
143
1408
46
40
260
52
74
173
4678
334
12
7
16
26
184
25
246
322
320
124
28
127
1560
798
143
88
1607
142
16
160
250
160
80
42
66
40
78
5984
98
2235
37
156
21
25
400
208
10
1043
352
640
82
352
1738
96
28
232
160
24
12
412
7
13
1260
14
97
833
121
12
36
98
73
67
169
120
64
180
78
3666
16
136
91
213
282
64
38
67
154
13
184
172
160
610
36
73
220
470
187
34
33
250
24
202
3540
44
83
66
120
1056
359
20
34
223
140
7
160
36
156
12
340
136
67
16
220
304
37
660
67
242
118
33
412
48
127
172
12
5770
1064
2076
153
33
25
97
1496
24
2045
308
1396
92
74
40
21
82
173
18
308
22
18
444
32
124
172
27
134
10
61
4
127
246
64
64
32
24
28
21
178
6
686
83
1904
12
52
502
316
4
995
182
280
8
31
163
114
157
83
208
244
48
460
184
4
57
675
67
52
82
64
28
160
69
515
2723
510
1406
80
252
36
114
30
224
64
60
388
174
136
1451
568
181
15
348
226
666
664
52
173
11
170
712
3024
760
262
73
1040
120
38
14
1498
40
208
162
46
517
140
434
80
303
365
125
154
73
1048
1046
85
80
343
18
67
320
218
136
187
280
115
95
30
79
1304
10
28
852
256
545
50
413
14
210
328
125
20
966
1560
160
240
37
66
102
31
12
82
38
142
320
21
82
60
123
15
282
185
45
52
1588
343
1148
115
80
148
58
100
14
466
60
200
32
72
560
3
73
48
874
1358
9
173
44
67
1920
1212
424
76
233
162
60
308
60
359
97
580
277
35
10
616
161
8
1750
76
1198
455
740
40
58
75
758
5914
3706
37
188
38
172
21
920
106
2343
40
6
707
40
80
60
1540
277
17
80
40
124
23
10
188
22
46
380
496
202
151
64
1290
55
1532
188
24
187
620
157
2295
52
49
32
18
22
68
11
12
184
1572
620
349
184
1
73
10
244
370
106
36
50
274
48
168
32
732
67
9
36
565
61
636
590
140
45
24
48
97
30
56
109
1542
308
244
298
2
336
113
424
100
28
92
8
880
25
3172
240
34
36
172
545
322
56
57
112
15
118
14
56
85
142
286
97
12
2292
410
203
154
103
103
1008
67
358
142
133
18
9
732
127
316
840
188
360
360
118
472
5558
116
124
256
34
565
125
988
8
64
253
8
12
21
4248
34
52
1331
408
64
316
154
178
146
28
1380
1260
1848
27
491
16
18
444
32
140
8
118
42
298
433
1100
142
2860
163
2076
360
40
707
79
45
37
983
66
30
308
73
40
10
106
93
1085
106
32
786
7
372
310
132
39
400
889
196
20
760
211
1200
1432
172
19
328
400
6
358
12
1071
448
16
4185
9
10
14
21
343
208
974
830
424
274
156
640
56
394
118
1452
200
124
730
62
124
80
48
136
25
124
52
24
53
154
10
785
164
280
43
27
784
3
852
52
146
11
302
100
672
20
24
2420
49
30
232
91
3
800
28
54
49
16
56
67
36
792
292
61
36
67
13
243
6
13
154
26
97
160
200
22
565
5
22
770
6178
55
61
406
214
3025
42
1071
55
184
38
82
76
250
280
274
43
14
277
42
316
133
200
112
9
19
18
60
10
30
121
45
50
55
125
160
88
37
365
66
28
910
560
798
115
153
20
42
525
64
397
666
266
320
525
275
42
260
360
2197
241
727
172
196
218
70
1820
156
12
76
112
118
4
10
3432
635
8
67
172
40
689
770
72
6
2576
372
210
35
352
6
233
24
98
12
36
188
143
810
263
45
55
358
106
44
12
6
3
36
78
252
460
425
172
10
480
830
24
124
292
22
200
15
957
5278
2190
286
143
694
133
570
316
56
43
63
7
30
64
307
44
689
130
40
190
4
664
304
316
491
1084
1160
34
210
190
45
202
67
352
560
1344
40
831
3572
386
36
218
51
43
172
686
124
307
48
82
476
36
24
217
43
92
30
112
142
1254
868
134
25
274
136
21
52
442
262
92
370
400
367
157
202
12
118
30
124
293
1344
48
24
98
58
244
410
139
154
498
16
103
97
92
92
118
186
64
50
20
Iterations for I = 7
60788
4980
80
1190
12322
16198
510
10920
45
1640
2750
3902
4556
8256
856
1848
225170
36
540
94
2856
1980
1040
1050
1010
5040
2310
13860
3480
3701
5016
2336
420
496
101
48
87
4210
64
1182
430
1848
8910
11880
6664
16952
167
600
784
142
182
340
1945
580
116
4802
9405
2100
1020
3045
5544
1260
180
1176
116
2
7
1321
242
6840
132
26
629
166
4200
960
3668
959
5768
136
24
12322
304
17745
2072
620
9
2140
2832
1691
2230
740
3024
39550
8910
2632
299
3040
3098
256
1554
476
4200
7
18
660
1440
9
6940
1140
748
2100
1270
382
136
516
34
1085
340
15675
1740
5328
100
1892
5025
1904
855
15834
1068
34034
360
5292
676
132
5445
333732
52
1080
3514
249
278
430
94
2170
1500
14493
7800
6384
3528
94
126
1795
124
546
2510
17862
174
33
2254
5700
780
2500
42000
80
68
19994
72
60
678
2016
45
430
1260
2060
18312
114
31
70
388
2032
116
1316
300
11
73
31735
8990
14036
656
440
304
278
136
9515
1827
584
2520
5640
1795
444
140
332
226
18651
3024
1904
1485
2110
4200
332
880
352
4740
11880
8580
20202
6
100
534
2982
40079
332
59
5310
262
4152
11100
700
40
1680
668
5445
199
3000
3752
2170
1540
72
316
37432
20
348
636
72
1700
876
3080
260
8
1795
2702
17308
10
4424
9312
286
372
52880
48
510
96
3960
1344
157
5304
256
1470
210600
44
236
1140
2897
1316
3514
66
1860
1050
540
30
90
2136
8640
9000
37401
124
18436
4648
136
90
143
4480
9226
19
563
108
47600
264
10122
21
258
930
6310
780
244
1056
78
1600
840
1358
136
7440
3528
68
2730
1744
33
159
8400
4802
12452
372
15510
2750
4650
1760
358
1460
2696
430
1691
1515
22380
18
940
101
8730
204
20
880
6492
4505
216
45
50548
4152
926
5328
66820
3576
5484
7
5110
1460
1960
563
6120
122
264
18651
3528
1014
34342
100
2758
189
6870
17160
2743
1827
1054
10105
1835
45
129
708
2170
30135
108
9945
7
3150
18564
3640
4128
16198
3260
500
10868
1025
3808
21008
5248
1190
314
199
2310
72
700
15180
3024
1380
34502
7776
4728
4128
4872
45480
132
6177
1876
1945
94
600
1950
50
690
5964
10728
296
140
8904
200
476
5040
710
2870
1088
11
6490
940
384
36
8512
2100
6552
11880
1316
20592
486
1226
330
940
480
69360
22854
440
3192
171
4872
234
3576
180
908
820
144
8904
8016
206
44
25116
62700
365
4556
340
1820
38
136
827
38
138
440
9900
238
165784
1130
134
3346
742
600
13530
18980
1140
1729
13365
27
116
30
2408
14080
1010
54
96
58
244
440
850
36
54
5113
105
1020
17966
234
166
1515
1946
4396
2373
330
150
52
1310
9
2
16500
266
572
894
2175
64
2262
2740
22
11130
59
7140
238
1358
2520
4872
43654
19084
1440
708
678
4851
610
33722
1289
83
1184
3604
1892
3576
5020
426
4485
7
4215
68
10450
7224
640
9642
11100
132
325
4081
1140
980
3738
45715
204
316
8664
7988
3052
500
157
7608
634
8280
496
1040
610
856
2548
5720
2250
708
7560
365
676
10920
52
795
3760
120460
560
20748
1260
80
1088
1460
2758
668
278
4791
994
108
10120
910
4
1554
2390
540
102
468
332
310
40936
476
3836
24
105
196
208
888
510
138
3640
1686
60
99
2632
8910
132
365
76
14
22220
2310
860
610
1310
15840
12
6870
1410
6168
2250
3444
33
57
6870
2100
21008
4872
17300
15
565
12
5170
1321
3416
1596
78
636
14
23170
8910
212
3220
276
352
316
214
1554
1185
10
3416
7455
15340
96
3960
4984
4876
4776
1281
500
170
372
1760
12628
144
72
232
2040
540
3052
500
1235
1050
12
5170
2435
420
94
148
99
14462
468
1680
7988
12012
2072
11448
1020
12452
7800
2625
90
21582
384
126
40
692
1200
67887
16
3940
460
1184
45
316
108
14924
28
1764
512
38960
8022
5478
1350
3976
910
1078
5810
84
1160
11154
2170
660
23100
170
1456
660
1568
4020
900
1690
5940
134
39676
11770
485
430
94
1460
54774
1830
59
2240
660
930
4152
820
6008
4704
63770
1490
13
860
1676
3000
232
36
580
296
3080
3217
16478
189
2750
340
384
116
1827
99
342
111500
68
1940
1515
358
1130
286
686
11424
208
1680
149
5376
60880
4284
69
262
84
68
2010
6048
14080
190
24
214
2625
186
7560
369
930
80
2186
15620
31
60
224
412
4
1316
512
300
690
480
1040
1350
972
1020
84
660
68
140
18954
910
116
138
11028
1620
252
524
938
4300
1340
34944
431
70
504
660
2712
1410
1020
81804
629
206
952
10488
23400
1883
1060
115
1
850
1540
20748
42
24
236
3691
11670
62
1220
4375
490
16
1420
64
2495
157
7728
1522
98
100
232
21
324
2336
330
33928
60
38
7530
4109
1288
2254
151164
404
856
120
52
8904
38960
49140
1130
430
256
20518
1848
662
16412
8949
602
25246
400
19
9240
48
19110
30600
3576
44
1845
604
9900
82
32
94
860
26
14651
32
36
592
45
960
1691
31746
290
5940
1068
171
62
24
60
8
233
2632
1140
420
2324
1860
424
1780
2506
8912
57
2632
18200
4032
162
8431
122
9724
2210
28
2520
450
1660
174
27
540
14
1485
156
80
6
48
1980
384
54
18980
48756
82680
4104
424
1680
347
94
1185
36
30212
21
Iterations for I = 8
31918
23344
135028
4456
44
5000
60
2460
958
36
2563
250
96
5728
2730
24720
20160
138
188
57
291704
58
28251
31614
16640
525564
1704
357458
1038
162
1992
8768
134
84
140
67
3110
1874
507
5352
4998
128776
3079
522
715
1968
34317
250
36
1104
13773
2430
9760
168
1264
35296
89947
3143
10801
1641
72
274
440
18127
6290
565
222
15860
185
993
35618
102
40
26960
2432
836
3756
5920
67369
167
5554
3226
19890
11102
28
2490
204
6505
2230
62
5297
123
822
947
453
260
42
2744
36
11682
47866
80640
1666
9672
12
762
716
12
3312
21036
8706
28
6505
20616
244
1982
1960
278
18110
445
8259
1780
312
2572
2992
84
144
5918
390
220
6588
62881
565
37170
7
29252
4152
10510
32
536
64
768
116
86
118064
26527
484
75010
3968
87
1458
2208
8591
23344
966
3200
930
1470
1614
60
542
1246
250
85664
233
393
2674
50
12710
53656
1583
214468
2654
9876
76
298
2079
183
252
28504
594
65040
2166
344
38512
1320
4435
2326
189
1431
6470
40428
388
222
155
81
488
10628
24940
1303
82041
458
9552
4192
31554
687
152918
2100
60
2992
3588
257
1013
2396
579
6502
42
88724
6814
308
2868
888
423
526
2025
15705
3016
204
2622
6673
101
8
28912
9978
2526
498
2166
2079
15954
620
31
27880
2
187
2972
474
3606
180
183
576
15952
80
3214
660
1388
8367
855
764
116
628
1218
14
2212
473
125
156
1814
15954
95378
948
4274
15
266
237
85664
409
166883
192379
51360
25018
15
31957
93087
215610
5906
60
7894
7304
108
816
1431
70
159
1814
181
23
648
2160
4818
35554
187
2922
3142
399
30
948
74
144
3198
56
18422
259
204
41082
12
367
187
13572
333
52
113104
3792
2388
405
893
28030
60630
7661
23200
335
5358
3294
86
14272
126054
7669
5350
19
51284
7218
46242
4846
620
35618
3535
30219
13742
189
412
2071
4410
1828
7092
28224
828
916
52
2826
2881
132
298
309410
3895
15451
9816
10867
4323
174
822
88580
80
11946
142
35883
822
42960
1752
24
43863
36
690
223331
13742
222
52914
1236
17954
350556
15278
62816
195
11937
24117
20692
56810
2664
1206
70000
38490
937
2166
518
28476
5697
31039
1301
6
473
9256
7820
2978
127
393
1551
10093
584120
37678
7558
19590
419
61563
9602
996
2526
31587
81145
188
1470
5518
550
332
25856
128964
111224
126
1982
2832
39
933
16608
144779
6702
113524
5432
102
33904
6
20746
122940
215208
42272
21
318
71574
90
13294
21196
6760
98938
42
7
18
129082
3549
62892
354
67362
21417
5856
20
463
4014
1252
352
563
20514
85919
78182
432
4420
2132
2514
284
18459
44
3782
272
341
487
37300
186377
2147
232
4435
10523
2825
19702
1494
5953
3056
2156
81
241368
514
7717
1584
132
324
307
20616
213344
20
7158
836
1074
24
62
105
45961
263298
17787
538
23304
134
23864
11776
164
556
7566
142726
133
10488
419377
3765
2604
208759
22184
1252
42006
930
518
19716
68
4440
12529
14182
8226
838
768
260
492
42
60
2330
86
3738
7703
96835
14627
9420
277
15
5563
5403
110
8520
356
148
793
11742
195
11440
6160
8209
64
8194
18320
30192
39549
480
218408
18202
14
1403
644
12624
9721
164
1240
2238
21153
7550
1884
768
417
6183
1587
23643
2342
1780
784
103690
11036
12845
142
2664
733654
44144
9402
7035
8199
1320
6044
2740
54
93
123
15252
50312
1596
48
6863
789272
78
25898
24
716
3082
1671
15958
2967
1796
16013
19353
43152
316398
498
4641
62881
366
550
824
11102
76494
95649
2125
2078
28
60185
6862
2532
93367
82064
1512
151
1176
52
58
66270
1159
993
10374
5554
1318
913
5350
2972
1123
240
8
123
21450
12246
1952
84633
5554
21596
345
42522
24624
2796
92
1518
1494
5898
395
1
388
94
66804
838
35
63876
69
28
10018
197
132
102260
9721
15
846
38784
836
3535
672
2992
12
3414
37764
36030
312
92
18048
1018
72
348
3494
8194
33219
4224
912
24716
68
16
2496
1264
21
5032
36
76494
5011
180
3136
9
536
436
22804
35
298
24584
14
552
13295
5766
21232
16
9280
105554
24104
382
380
2342
14924
1902
40144
739
1780
9954
4801
12616
123042
440
1790354
457
30
41407
32238
6386
121
253
18
930
18272
15144
13102
40
21830
937
25722
117664
46386
4941
44720
385
2292
683
312
1989
1536
1892
1251
1992
68388
129334
9354
9552
20
4894
680
9390
7022
68
3126
71
63
40
12444
27777
1462
173
13598
237
36
8194
228
6562
2982
10
652
3356
1760
112
15
5514
20289
2964
2566
392
29
1056
8020
1551
1487
47969
616
17021
117674
18030
2510
1536
1934
1428
150
2010
23859
2964
31679
984
7314
26385
2628
9383
3056
768
19600
12094
1895
1534
124
44
48
2664
981
739
2740
712
48
237
87012
565806
518
2196
3869
18360
24
23955
237
863
75010
105
159
57
10164
250
2564
2031
184
700
138
8316
6268
17392
912
12
10588
572
81959
490
503
64
16314
1686
232430
2090
24902
7362
2476
57196
195
3621
20
278
8903
9552
8696
219434
96
1431
616
105469
1636
11484
270
89807
222
2518
186
46
184646
126054
67140
596
30
28251
708
4410
60
36496
21498
832
196
5072
484
1794
464
728976
42
307
432
55166
103731
115794
528
11494
638
1836
250
27535
3878
32
66
7090
34
4311
85481
48
14744
7184
399
5668
250
1645
53224
27384
3724
27118
1452
3696
780
243
291
10
26992
324
5722
156
154
132
1506
6124
107212
231
2124
48
13674
20692
4492
520
30
Iterations for I = 9
23994
828
48
600276
87808
140
762735
2790
3740056
5232276
30395
1966
57226
3450
4798
14408
4650
768
74
2792
750
14598
141144
129166
42
475086
8308
20424
100
62466
17352
1158
261104
915
2232
1014
124
18068
3576
216
4014
211164
1212
157012
84770
12471
1966
15052
14164
1190
36
102
17854
240540
39916
36728
13494
642206
169238
321836
30884
119814
31198
354207
660
53373
702
6584
37302
412
84770
3496
6078
300246
71316
46460
2340370
72444
2370
708
856740
108
15858
37830
186978
92468
656
24032
330
57198
84012
860
14856
88
57666
145372
6480
590
24977
11
8574
3786
552
6504
5826
36888600
600
32012
18620
27912
6938
170
3934
2436
9460
5592
598952
12824
46978
60494
133212
8308
183290
4847670
71328
2718
341298
2442
950439
4164
112
34150
7812
30018
705850
6396
126
96
66
12858
922880
398194
3942
3148
82896
32832
5466
52032
495
257810
398
106462
21516
693485
2436
285396
26200
3210
835746
940
8532
16953
53356
108
1299550
1752
19284
765340
174520
730
9151
1050
1776
1144
1497900
1134764
100
4161948
100864
6252
2850
57522
14142
2012
756
37730
2900
11202
23748
14960
65048
51168
20601
300
1876422
995
4680
5902
76648
671148
70848
539184
1110
20571
1128
996
2007
5844
79096
83412
1152
3450
2718
6184
10134
2346
72
13821
34189
3616
49199
5340
25430
2130
2268
6660968
3150
166738
355588
157012
1701
155370
68856
36718
4716
4180
33800
951650
39004
387808
100842
110960
152
18204
9200
94
3816
65190
982
34
54
730
13966
3206328
844
414808
60668
114360
146122
18781
192
3540
478832
5148
3362
3854
5592
23734
248
589620
3978000
18522
478
8141
1166
760
46464
2212
10488372
21728
2684
126
296
2294
563024
238178
5126
89411
12336
190874
804
24
136
716944
61236
1637720
1760922
2492
377704
244
588
59382
2850
47430
16390
63200
224504
2100
45184
1503126
2046272
1346570
23712
180
10098
715168
779140
43116
705192
23026
6109866
3922
1204054
19288
42008
128668
3147386
27174
1776
25598
86754
1110
38472
35198
68
15
114426
834
637834
105782
2950154
344
43330
8308
448684
402
1254
216
410
98754
75189
8188
17019
60038
196532
386988
34
76074
13972
23712
9528
42530
5826
25598
1058224
5243
1993214
1679285
84770
186540
87526
436
972
204
68219
2718
186
57522
482620
893496
4349546
129550
26261
7056
55786
15888
275091
2446
3451
44082
43788
2040
590
10748
1190
3435
51524
224
8811
202764
1368
518267
26972
11599
7364
2060
5612
6924
18996
23402
2494492
1950
994038
5024
16848
2580
151870
2212
12192
117248
6886
93132
2248
28932
3306
1368
8700
73404
779982
2544852
2202
1485
5299
1132584
956964
930
1012
719742
2316
1182
141358
455
4244
11404
7071
30189
2792
210578
24436
47860
245382
390
164
6194
333016
107130
15052
424
1188
4676
489184
75189
68023
5760
2442
186978
251918
3942
5400
737520
6938
7458
1902
112966
29060
341312
17508
64556
2276
11962
14929
5430
70008
2130
9588
2448
148
129694
14478
32708
95586
234852
62
44
709140
156020
455
5284
1335
8446
533380
588
6396
1950
678
166
22038
1350890
50000
18424
940
17352
797052
10084
7692
204
3802015
666
21138
5106
156
2550
716
29804
740
549180
370656
792
2212
588038
31198
24
9771
18204
167902
71122
176946
881618
330822
365
1080
26058
76
5024
534
2492
231182
1182
9144
15132
136428
155370
600
24232
127847
18912
31367
7956
1068
648950
56856
186270
546007
120
9378
1908
70530
165756
922404
708
2202
185892
233172
2550
24358
145480
4050
2111
2268
3430
99726
36728
63699
288804
128234
28506
65048
18056192
2124320
1650
164334
35106
5126
37428
1380
78766
2391060
635
176946
481488
13354
798440
770
13972
36
236937
852
32736
151301
1106
210868
19362
36074
33800
3000
128964
56
335308
14903592
51688
38490
13858
7071
576082
171
111
473208
648
65086
40824
22596
549012
15836
13966
4467
12156
105648
36728
544
252348
268940
1372826
4150140
1743764
1020
1506276
12
29874
56488
8010
6262
409092
82964
70782
948
123048
9151
114882
53650
70008
1255075
15836
36
130037
184
2850
183035
56040
8362
172166
3168
5046
528
1740
146122
15038
10708
207234
46752
2393010
5520
39503
102562
626
47430
30189
15654
4482
53356
1608
268098
1467720
1089180
31208
1740
118388
178792
24474
3696
35198
1368
2111
1184988
287840
36074
146122
15892
77
4224998
115404
38108
2508
540
246
5024
1690
56436
309842
1938
49036
4558
17508
6340
3608490
1220
4002
7506
4182
5028
2250
154006
36
84
48310
615
1042
4244
5804
9264
11379
1966
648
4780
60
954
83800
528
1104
2704
220
8188
3074
13188
702
5844
702
997760
5760
588
87808
7712
24977
105600
1106
32376
89298
1514
7088
3922
32764968
389699
16050
2496524
100
196
142923
1224
10248
74460
62103612
27264
7848
34688
804510
122270
7746
1368
166
8532
3624
4950368
2040
58386
48310
12
1997982
4634
124062
167298
8446
15171
100
13602
10218
285000
64908
70530
473658
48786
111616
10500
328
144330
319720
64
15132
122586
178918
40719
15628
1576
96
1041340
996
5844
4798
528
1534554
126810
474
7713643
93243
14408
32848
59534
186270
441
409092
905220
192
43152
1311442
1720
18659
127542
83758
151014
389361
3116
52020
123048
11584
804
1720990
749746
56
91820
51688
238178
312
3114
60410
23460
136
120
480
6413
7692
3451
247120
17854
68837
171154
12
51688
1833
7200
3552
790882
1014
135904
21562
328
85424
457576
11454
1542
517374
540
541270
9468
10499436
45420
174
406365
95948
302633
1368
36288
30630
7770
17684
39276
2370
37
2012
3464
1383120
13222
804
1536428
87808
129914
1160
30189
71808
74236
5784
1645
390
1110
109850
46128
164
4812
3576
76190
8088
520
136
23748
300
105600
97281
222050
4308
130671
364570
92
348760
14862
244
16787
166738
49036
49036
1431348
50372
2052
7860
94048
1324
108908
1306432
3189
1179738
12336
29298
121802
84
119644
62872
242338
155370
448256
3432
71328
302807
194
1950260
342534
56856
36074
2769868
4002
36382
54
64
2905608
852
58246
27100
34974
299544
13858
182034
7672
13222
2970
1217618
6924
24
652
304
172040
16390
2732184
13326
220
189106
Iterations for I = 10
1640638
4415
659430
2147078
108418
13824742
3593
1637
409312
44
86822
1246
131278
9291
225372
3087782
500
3298365
2898
1309
7071
10898
35198
1020
319514
406
10168
2328
4974
359
2515204
39679
169624
70116
100
13067847
238884
2937
14991
2534
4862
827690
787546
24002
217406
206
144
17532
18120
28550
328492
165238
1420584
739355
622616
1085
2632
113398
574
9
1174
3348
1771567
925393
39744
3853
563
6614
27126
6654
8262
367625
21674
2466
900
358057
4749
124165
15866
315
3269
520
58
18597762
14025
235698
1596
938
3425039
25428133
127180
135410
2016
72
5898
3276
319945
168
78043
355316
10831
112
765
40549
4082
1143
53
98
8410
1878
1698
28686
1461981
9330
56618
29784
563
789078
249
186
48330
7434
382
1760
48
3826742
1790
21
195002
417
2265
3912
130
12658
192
200603
785352
54390
18
105309
8245002
387674
9447
5897
14776
1740
554
644
294022
90
171943
11202
7948
4197318
3212078
4314033
86743
362
408
28592
1774
25286
2648318
1762656
1202
14196
16
159388
5349054
91112
416336
40282
40862
4616
524341
198820
33801
7300
2478
20016
82643
322184
88
18
334912
24410
1656
2470
4082
662084
120910
73010
76
218
2652
2974
69
34210
517956
12763
108258
94656
1081
129084
489
34008
10144
763890
112
136
8643134
40585415
7866
1098890
27721
28314
1585
3613
1864406
28884
1416
13132
157664
60
24326310
71042
22342
9007
52368
138
46704
572
43128
78566
13886
20
360
3612
2039
42699
3420
5034
2123
10821
240046
12283
906319
301979
13494
5898
6762572
90997
624
511807
63
15904
43381914
2265
474422
1374
1108
18944
134363
3518
149314
824
416210
136520
6382
149028
223716
69364
1498585
23766
32
121
294152
1162308
1138312
2847
12140
40
3140262
233584
165
89274
139695
27
952794
120
198
44484
2421278
1672293
114
1943
44364
37630
115561
277
355565
13719
10558
330798
27020
96892388
2210
5682
38
1894822
1279472
121665
3083512
5340
4797
1262
1848036
99714
16965
32662
2440
92418
952086
2343
198
444
4749
953962
2474
4415
4816
3903
369490
14026
222
1023763
108258
325428
187092
406
1414
634
16364
2218
60
11998
61307
3041294
886
29078618
2296
286
186
25648
15917
2474
188
3013250
385040
10168
2242
824943
119310
108
448
55427
5194
417257
468
205301
3822
1868
1353
422179
95831
199366
2974
20341
40
780811
6866
1654
7834
41742
233
7923
3358
10716
931765
30457
14740
1524
6
94035
237
5290980
10582
2847
61556
9710
2746910
97041
1171931
34294
17404
37091161
1038884
1086286
73695
357068
1066
57215
1400068
4719
5703470
364
124
616
1856727
10192
1100
139879
63658
77870
3189495
18574
3443
446
2328310
135962
6866
114494
2335132
1568
5371
1937840
2830736
2624
1838
288085
62230
214
173381
1981
9825
3086
15930
17088
83034
53
499158
436880
3214
1736304
73566
5511
5501
366854
12142
476
60546
27167
3625584
88614
5554392
31312
435548
25459
290692
167648
48987
14437
2628
72438
25281710
106792129
232
1642
964
953664
96
5035054
218
492
1216
13
11186
24284
2097110
2148942
94480
64
102772
34934
113698
4536
5655
57800
27436
36596
2912
56006
9693
10950
152
788552
9300
17554
2358
302
8308
24290
24412
72822
136
293293
39
1206
4014078
370494
152
13368
3282868
74455
472
154974
825251
161
40813
1370646
331242
1269210
21
555236
1670048
347866
52538
1199448
1256
889196
618
198
1388
1066
101726
377720
7242
1926
244092
10
7560
63658
2145
9908
2265
366974
211450
77679
31183
13492
723
53848
63530
190187
141646
207198
240668
76788
7314
72232
108
363083
14702
21764
720
3196
25311
77529
60847
36804
15570
180810
856
390
149834
6928
377852
13258
366
6468
1883803
277
13380
4412948
59541
20220
45
928260
1706
208748
3038902
1820021
339652
408880
190176626
16125
4326
11413
1862
26
2633120
1626
1518920
5378
110124
3442532
4930
9
4596
11758
1030
24
14124
1967
1778
72
8740
4365152
12079
3651
36
7089
478339
8185912
671
76302
97806
48593
545846
28940
44393
47326
24323594
132408
2686
76
504100
2982
1076164
35644
23491
887602
11713
251086
2801
1400905
572
149605
125670
30
4876080
1622388
367924
31382
6
246441
258
1063
131
39
2194
111683
958
5031617
1106144
6614
6451280
778
114
10366
10826
87
2899
78490
2779172
7416
104156
3570
3374
5451356
4048
25253
364
43
1815800
5845
2340
12130
44694
32840
646998
1308008
4279
1637
852
26153
4370028
1414
1275841
3774
159060
516
26598
977629
96
239670
914566
1005
132427
29770
354302
20964
130674
16840
315
62044
200
56840
338242
1776
5115
82612
33216
448796
1943
234
31153
212
138598
24489406
27721
1295484
2102
2133118
2328
21339648
7337
19362698
5170
7040
52428
44694
756
1051
28
32242
1155
1063
6188
6654
35680
11190
405874
9594
266
34612
2978
667
2321773
543412
81246
47390
156
851434
7542
93082
1510934
54935
5760
10
383148
35916
3092
3348
7594
442834
179196
288
49086
51450
9302
637684
13366
58176
192
156125
60
23764
1271076
97110
258
32029
6483878
3636
66588
141767
165238
24352
388472
28388
7596
13536
221374
5144
36943
1030
58438
535786
39742442
2237
235
99484
92560
54847464
35659
258840
1033424
118068
9594
2123
2446
29287
1020
277
8414
21998
56727
53960
1062
19567
2260247
59512
503
176945
29921
3905
9580
741
196653
230446
4842
29904
95
10046
52428
1305428
632736
18881
15270
3611446
50589
100120
4046
778668
18973935
268590
25184
187092
11798
8262
10716
3209
220
4862
2108
114652
141646
1776
478
78
5813032
13548
3853
15094
3376
7242
84
80
3548448
130345
8389
23703
641
192809
964808
126
1172
36
3870102
2074874
1300894
2338896
8003
26
95801658
31921
441324
20782
297712
562
7350
384569
35315
846114
396
48
2554
1829
5750
1023496
776
38
2344
10426483
136372
13476119
11579581
125
8985
38740
10156
292168
8740
35405
3314
4173
10818
30
38852
14478
25952
97508
24352604
25253
6188
1414
1364208
9240
98100
30012
8230
6180
138598
24
2260247
984
2535994
88
12458
105342
151319
4616
22386
21175
29742
238884
98
73010
133580
2963530
641924
34332
8467344
1023
489
58906
16965
19326180
69900
94647074
6267
609915
29032826
102846908
35315
76249
3994622
1007
1824624
895572
2066
22901170
1256
12
73838
1046155
89083
10938
189960
18054
