1640638
4415
659430
2147078
108418
13824742
3593
1637
409312
44
86822
1246
131278
9291
225372
3087782
500
3298365
2898
1309
7071
10898
35198
1020
319514
406
10168
2328
4974
359
2515204
39679
169624
70116
100
13067847
238884
2937
14991
2534
4862
827690
787546
24002
217406
206
144
17532
18120
28550
328492
165238
1420584
739355
622616
1085
2632
113398
574
9
1174
3348
1771567
925393
39744
3853
563
6614
27126
6654
8262
367625
21674
2466
900
358057
4749
124165
15866
315
3269
520
58
18597762
14025
235698
1596
938
3425039
25428133
127180
135410
2016
72
5898
3276
319945
168
78043
355316
10831
112
765
40549
4082
1143
53
98
8410
1878
1698
28686
1461981
9330
56618
29784
563
789078
249
186
48330
7434
382
1760
48
3826742
1790
21
195002
417
2265
3912
130
12658
192
200603
785352
54390
18
105309
8245002
387674
9447
5897
14776
1740
554
644
294022
90
171943
11202
7948
4197318
3212078
4314033
86743
362
408
28592
1774
25286
2648318
1762656
1202
14196
16
159388
5349054
91112
416336
40282
40862
4616
524341
198820
33801
7300
2478
20016
82643
322184
88
18
334912
24410
1656
2470
4082
662084
120910
73010
76
218
2652
2974
69
34210
517956
12763
108258
94656
1081
129084
489
34008
10144
763890
112
136
8643134
40585415
7866
1098890
27721
28314
1585
3613
1864406
28884
1416
13132
157664
60
24326310
71042
22342
9007
52368
138
46704
572
43128
78566
13886
20
360
3612
2039
42699
3420
5034
2123
10821
240046
12283
906319
301979
13494
5898
6762572
90997
624
511807
63
15904
43381914
2265
474422
1374
1108
18944
134363
3518
149314
824
416210
136520
6382
149028
223716
69364
1498585
23766
32
121
294152
1162308
1138312
2847
12140
40
3140262
233584
165
89274
139695
27
952794
120
198
44484
2421278
1672293
114
1943
44364
37630
115561
277
355565
13719
10558
330798
27020
96892388
2210
5682
38
1894822
1279472
121665
3083512
5340
4797
1262
1848036
99714
16965
32662
2440
92418
952086
2343
198
444
4749
953962
2474
4415
4816
3903
369490
14026
222
1023763
108258
325428
187092
406
1414
634
16364
2218
60
11998
61307
3041294
886
29078618
2296
286
186
25648
15917
2474
188
3013250
385040
10168
2242
824943
119310
108
448
55427
5194
417257
468
205301
3822
1868
1353
422179
95831
199366
2974
20341
40
780811
6866
1654
7834
41742
233
7923
3358
10716
931765
30457
14740
1524
6
94035
237
5290980
10582
2847
61556
9710
2746910
97041
1171931
34294
17404
37091161
1038884
1086286
73695
357068
1066
57215
1400068
4719
5703470
364
124
616
1856727
10192
1100
139879
63658
77870
3189495
18574
3443
446
2328310
135962
6866
114494
2335132
1568
5371
1937840
2830736
2624
1838
288085
62230
214
173381
1981
9825
3086
15930
17088
83034
53
499158
436880
3214
1736304
73566
5511
5501
366854
12142
476
60546
27167
3625584
88614
5554392
31312
435548
25459
290692
167648
48987
14437
2628
72438
25281710
106792129
232
1642
964
953664
96
5035054
218
492
1216
13
11186
24284
2097110
2148942
94480
64
102772
34934
113698
4536
5655
57800
27436
36596
2912
56006
9693
10950
152
788552
9300
17554
2358
302
8308
24290
24412
72822
136
293293
39
1206
4014078
370494
152
13368
3282868
74455
472
154974
825251
161
40813
1370646
331242
1269210
21
555236
1670048
347866
52538
1199448
1256
889196
618
198
1388
1066
101726
377720
7242
1926
244092
10
7560
63658
2145
9908
2265
366974
211450
77679
31183
13492
723
53848
63530
190187
141646
207198
240668
76788
7314
72232
108
363083
14702
21764
720
3196
25311
77529
60847
36804
15570
180810
856
390
149834
6928
377852
13258
366
6468
1883803
277
13380
4412948
59541
20220
45
928260
1706
208748
3038902
1820021
339652
408880
190176626
16125
4326
11413
1862
26
2633120
1626
1518920
5378
110124
3442532
4930
9
4596
11758
1030
24
14124
1967
1778
72
8740
4365152
12079
3651
36
7089
478339
8185912
671
76302
97806
48593
545846
28940
44393
47326
24323594
132408
2686
76
504100
2982
1076164
35644
23491
887602
11713
251086
2801
1400905
572
149605
125670
30
4876080
1622388
367924
31382
6
246441
258
1063
131
39
2194
111683
958
5031617
1106144
6614
6451280
778
114
10366
10826
87
2899
78490
2779172
7416
104156
3570
3374
5451356
4048
25253
364
43
1815800
5845
2340
12130
44694
32840
646998
1308008
4279
1637
852
26153
4370028
1414
1275841
3774
159060
516
26598
977629
96
239670
914566
1005
132427
29770
354302
20964
130674
16840
315
62044
200
56840
338242
1776
5115
82612
33216
448796
1943
234
31153
212
138598
24489406
27721
1295484
2102
2133118
2328
21339648
7337
19362698
5170
7040
52428
44694
756
1051
28
32242
1155
1063
6188
6654
35680
11190
405874
9594
266
34612
2978
667
2321773
543412
81246
47390
156
851434
7542
93082
1510934
54935
5760
10
383148
35916
3092
3348
7594
442834
179196
288
49086
51450
9302
637684
13366
58176
192
156125
60
23764
1271076
97110
258
32029
6483878
3636
66588
141767
165238
24352
388472
28388
7596
13536
221374
5144
36943
1030
58438
535786
39742442
2237
235
99484
92560
54847464
35659
258840
1033424
118068
9594
2123
2446
29287
1020
277
8414
21998
56727
53960
1062
19567
2260247
59512
503
176945
29921
3905
9580
741
196653
230446
4842
29904
95
10046
52428
1305428
632736
18881
15270
3611446
50589
100120
4046
778668
18973935
268590
25184
187092
11798
8262
10716
3209
220
4862
2108
114652
141646
1776
478
78
5813032
13548
3853
15094
3376
7242
84
80
3548448
130345
8389
23703
641
192809
964808
126
1172
36
3870102
2074874
1300894
2338896
8003
26
95801658
31921
441324
20782
297712
562
7350
384569
35315
846114
396
48
2554
1829
5750
1023496
776
38
2344
10426483
136372
13476119
11579581
125
8985
38740
10156
292168
8740
35405
3314
4173
10818
30
38852
14478
25952
97508
24352604
25253
6188
1414
1364208
9240
98100
30012
8230
6180
138598
24
2260247
984
2535994
88
12458
105342
151319
4616
22386
21175
29742
238884
98
73010
133580
2963530
641924
34332
8467344
1023
489
58906
16965
19326180
69900
94647074
6267
609915
29032826
102846908
35315
76249
3994622
1007
1824624
895572
2066
22901170
1256
12
73838
1046155
89083
10938
189960
18054
