out_AVG_nE5_IE4_RE5_WE4_G0_10_spi.1	0.000000e+00	0.000000e+00	1.027659e+01	-3.708197e+01
out_AVG_nE5_IE4_RE5_WE4_G0_10_spi.10	0.000000e+00	6.300000e+00	1.754468e+01	-2.734068e+01
out_AVG_nE5_IE4_RE5_WE4_G0_10_spi.100	0.000000e+00	7.100000e+00	1.980030e+01	-2.871256e+01
out_AVG_nE5_IE4_RE5_WE4_G0_10_spi.1000	0.000000e+00	1.000000e-01	1.102846e+01	-3.830153e+01
out_AVG_nE5_IE4_RE5_WE4_G0_10_spi.101	0.000000e+00	0.000000e+00	1.278283e+01	-5.563433e+01
out_AVG_nE5_IE4_RE5_WE4_G0_10_spi.102	0.000000e+00	2.500000e+00	1.178033e+01	-2.857080e+01
out_AVG_nE5_IE4_RE5_WE4_G0_10_spi.103	0.000000e+00	0.000000e+00	9.524714e+00	-4.064576e+01
out_AVG_nE5_IE4_RE5_WE4_G0_10_spi.104	0.000000e+00	3.370000e+01	3.057714e+01	-1.924101e+01
out_AVG_nE5_IE4_RE5_WE4_G0_10_spi.105	0.000000e+00	5.710000e+01	5.589017e+01	-2.043882e+01
out_AVG_nE5_IE4_RE5_WE4_G0_10_spi.106	0.000000e+00	1.000000e-01	1.453720e+01	-4.413432e+01
out_AVG_nE5_IE4_RE5_WE4_G0_10_spi.107	0.000000e+00	5.340000e+01	4.436146e+01	-1.876608e+01
out_AVG_nE5_IE4_RE5_WE4_G0_10_spi.108	0.000000e+00	1.200000e+00	1.002596e+01	-3.044091e+01
out_AVG_nE5_IE4_RE5_WE4_G0_10_spi.109	0.000000e+00	8.800000e+00	1.152971e+01	-2.014848e+01
out_AVG_nE5_IE4_RE5_WE4_G0_10_spi.11	0.000000e+00	2.300000e+00	1.077783e+01	-2.829586e+01
out_AVG_nE5_IE4_RE5_WE4_G0_10_spi.110	0.000000e+00	1.010000e+01	1.528907e+01	-2.183154e+01
out_AVG_nE5_IE4_RE5_WE4_G0_10_spi.111	0.000000e+00	2.000000e+00	1.704344e+01	-3.568670e+01
out_AVG_nE5_IE4_RE5_WE4_G0_10_spi.112	0.000000e+00	0.000000e+00	1.353470e+01	-4.545698e+01
out_AVG_nE5_IE4_RE5_WE4_G0_10_spi.113	0.000000e+00	4.050000e+01	5.789516e+01	-2.466150e+01
out_AVG_nE5_IE4_RE5_WE4_G0_10_spi.114	0.000000e+00	0.000000e+00	1.478782e+01	-4.729896e+01
out_AVG_nE5_IE4_RE5_WE4_G0_10_spi.115	0.000000e+00	2.000000e-01	7.770346e+00	-3.371268e+01
out_AVG_nE5_IE4_RE5_WE4_G0_10_spi.116	0.000000e+00	1.600000e+00	1.378532e+01	-3.248357e+01
out_AVG_nE5_IE4_RE5_WE4_G0_10_spi.117	0.000000e+00	0.000000e+00	9.023466e+00	-4.094641e+01
out_AVG_nE5_IE4_RE5_WE4_G0_10_spi.118	0.000000e+00	2.000000e-01	1.102846e+01	-3.611645e+01
out_AVG_nE5_IE4_RE5_WE4_G0_10_spi.119	0.000000e+00	4.400000e+00	6.517226e+00	-1.871899e+01
out_AVG_nE5_IE4_RE5_WE4_G0_10_spi.12	0.000000e+00	1.700000e+00	1.804593e+01	-3.743577e+01
out_AVG_nE5_IE4_RE5_WE4_G0_10_spi.120	0.000000e+00	3.000000e+00	1.178033e+01	-2.710601e+01
out_AVG_nE5_IE4_RE5_WE4_G0_10_spi.121	0.000000e+00	6.000000e+00	1.178033e+01	-2.225808e+01
out_AVG_nE5_IE4_RE5_WE4_G0_10_spi.122	0.000000e+00	2.820000e+01	2.030155e+01	-1.668331e+01
out_AVG_nE5_IE4_RE5_WE4_G0_10_spi.123	0.000000e+00	3.000000e+00	1.303345e+01	-2.809772e+01
out_AVG_nE5_IE4_RE5_WE4_G0_10_spi.124	0.000000e+00	0.000000e+00	1.027659e+01	-4.176026e+01
out_AVG_nE5_IE4_RE5_WE4_G0_10_spi.125	0.000000e+00	1.100000e+01	3.759461e+01	-3.193215e+01
out_AVG_nE5_IE4_RE5_WE4_G0_10_spi.126	0.000000e+00	0.000000e+00	9.524714e+00	-3.741889e+01
out_AVG_nE5_IE4_RE5_WE4_G0_10_spi.127	0.000000e+00	3.600000e+00	1.553969e+01	-3.043152e+01
out_AVG_nE5_IE4_RE5_WE4_G0_10_spi.128	0.000000e+00	1.160000e+01	1.428657e+01	-2.015050e+01
out_AVG_nE5_IE4_RE5_WE4_G0_10_spi.129	0.000000e+00	0.000000e+00	1.002596e+01	-4.505777e+01
out_AVG_nE5_IE4_RE5_WE4_G0_10_spi.13	0.000000e+00	5.900000e+00	1.754468e+01	-2.866856e+01
out_AVG_nE5_IE4_RE5_WE4_G0_10_spi.130	0.000000e+00	1.000000e+00	7.770346e+00	-2.827208e+01
out_AVG_nE5_IE4_RE5_WE4_G0_10_spi.131	0.000000e+00	3.400000e+00	1.228158e+01	-2.720441e+01
out_AVG_nE5_IE4_RE5_WE4_G0_10_spi.132	0.000000e+00	5.000000e-01	8.020970e+00	-3.075939e+01
out_AVG_nE5_IE4_RE5_WE4_G0_10_spi.133	0.000000e+00	8.700000e+00	1.904843e+01	-2.518385e+01
out_AVG_nE5_IE4_RE5_WE4_G0_10_spi.134	0.000000e+00	8.000000e-01	8.271594e+00	-2.946228e+01
out_AVG_nE5_IE4_RE5_WE4_G0_10_spi.135	0.000000e+00	7.800000e+00	1.278283e+01	-2.256792e+01
out_AVG_nE5_IE4_RE5_WE4_G0_10_spi.136	0.000000e+00	2.380000e+01	4.636645e+01	-2.685564e+01
out_AVG_nE5_IE4_RE5_WE4_G0_10_spi.137	0.000000e+00	1.100000e+00	2.280779e+01	-4.198884e+01
out_AVG_nE5_IE4_RE5_WE4_G0_10_spi.138	0.000000e+00	5.940000e+01	4.837144e+01	-1.886357e+01
out_AVG_nE5_IE4_RE5_WE4_G0_10_spi.139	0.000000e+00	3.600000e+00	1.503844e+01	-2.948652e+01
out_AVG_nE5_IE4_RE5_WE4_G0_10_spi.14	0.000000e+00	0.000000e+00	1.127908e+01	-3.903180e+01
out_AVG_nE5_IE4_RE5_WE4_G0_10_spi.140	0.000000e+00	1.000000e-01	1.027659e+01	-3.707440e+01
out_AVG_nE5_IE4_RE5_WE4_G0_10_spi.141	0.000000e+00	3.700000e+00	5.765353e+00	-1.861445e+01
out_AVG_nE5_IE4_RE5_WE4_G0_10_spi.142	0.000000e+00	2.800000e+00	2.531403e+01	-3.818208e+01
out_AVG_nE5_IE4_RE5_WE4_G0_10_spi.143	0.000000e+00	0.000000e+00	1.178033e+01	-4.431118e+01
out_AVG_nE5_IE4_RE5_WE4_G0_10_spi.144	0.000000e+00	0.000000e+00	1.704344e+01	-5.416500e+01
out_AVG_nE5_IE4_RE5_WE4_G0_10_spi.145	0.000000e+00	2.830000e+01	1.353470e+01	-1.334044e+01
out_AVG_nE5_IE4_RE5_WE4_G0_10_spi.146	0.000000e+00	1.300000e+00	1.579032e+01	-3.681880e+01
out_AVG_nE5_IE4_RE5_WE4_G0_10_spi.147	0.000000e+00	4.900000e+00	1.929905e+01	-3.055584e+01
out_AVG_nE5_IE4_RE5_WE4_G0_10_spi.148	0.000000e+00	2.800000e+00	1.579032e+01	-3.187426e+01
out_AVG_nE5_IE4_RE5_WE4_G0_10_spi.149	0.000000e+00	1.000000e-01	8.772842e+00	-3.585891e+01
out_AVG_nE5_IE4_RE5_WE4_G0_10_spi.15	0.000000e+00	0.000000e+00	1.102846e+01	-6.193900e+01
out_AVG_nE5_IE4_RE5_WE4_G0_10_spi.150	0.000000e+00	6.700000e+00	2.305841e+01	-3.067849e+01
out_AVG_nE5_IE4_RE5_WE4_G0_10_spi.151	0.000000e+00	6.000000e+00	9.524714e+00	-2.122367e+01
out_AVG_nE5_IE4_RE5_WE4_G0_10_spi.152	0.000000e+00	0.000000e+00	1.102846e+01	-5.986374e+01
out_AVG_nE5_IE4_RE5_WE4_G0_10_spi.153	0.000000e+00	0.000000e+00	1.428657e+01	-4.876965e+01
out_AVG_nE5_IE4_RE5_WE4_G0_10_spi.154	0.000000e+00	0.000000e+00	8.020970e+00	-3.533323e+01
out_AVG_nE5_IE4_RE5_WE4_G0_10_spi.155	0.000000e+00	1.630000e+01	2.556465e+01	-2.336907e+01
out_AVG_nE5_IE4_RE5_WE4_G0_10_spi.156	0.000000e+00	1.010000e+01	2.882277e+01	-2.913081e+01
out_AVG_nE5_IE4_RE5_WE4_G0_10_spi.157	0.000000e+00	7.000000e-01	1.253220e+01	-3.592676e+01
out_AVG_nE5_IE4_RE5_WE4_G0_10_spi.158	0.000000e+00	2.240000e+01	1.980030e+01	-1.859819e+01
out_AVG_nE5_IE4_RE5_WE4_G0_10_spi.159	0.000000e+00	9.100000e+00	1.879780e+01	-2.493826e+01
out_AVG_nE5_IE4_RE5_WE4_G0_10_spi.16	0.000000e+00	2.500000e+00	1.002596e+01	-2.636641e+01
out_AVG_nE5_IE4_RE5_WE4_G0_10_spi.160	0.000000e+00	0.000000e+00	7.770346e+00	-4.133603e+01
out_AVG_nE5_IE4_RE5_WE4_G0_10_spi.161	0.000000e+00	3.400000e+00	1.178033e+01	-2.705395e+01
out_AVG_nE5_IE4_RE5_WE4_G0_10_spi.162	0.000000e+00	1.300000e+00	1.378532e+01	-3.475849e+01
out_AVG_nE5_IE4_RE5_WE4_G0_10_spi.163	0.000000e+00	2.500000e+00	1.178033e+01	-2.858069e+01
out_AVG_nE5_IE4_RE5_WE4_G0_10_spi.164	0.000000e+00	1.200000e+00	1.203095e+01	-3.260451e+01
out_AVG_nE5_IE4_RE5_WE4_G0_10_spi.165	0.000000e+00	7.000000e-01	1.629156e+01	-3.958004e+01
out_AVG_nE5_IE4_RE5_WE4_G0_10_spi.166	0.000000e+00	5.260000e+01	2.932402e+01	-1.564780e+01
out_AVG_nE5_IE4_RE5_WE4_G0_10_spi.167	0.000000e+00	2.440000e+01	4.511333e+01	-2.588756e+01
out_AVG_nE5_IE4_RE5_WE4_G0_10_spi.168	0.000000e+00	5.000000e-01	8.772842e+00	-3.269057e+01
out_AVG_nE5_IE4_RE5_WE4_G0_10_spi.169	0.000000e+00	1.380000e+01	8.271594e+00	-1.408874e+01
out_AVG_nE5_IE4_RE5_WE4_G0_10_spi.17	0.000000e+00	7.000000e-01	1.604094e+01	-3.909570e+01
out_AVG_nE5_IE4_RE5_WE4_G0_10_spi.170	0.000000e+00	3.400000e+00	1.954968e+01	-3.299030e+01
out_AVG_nE5_IE4_RE5_WE4_G0_10_spi.171	0.000000e+00	1.200000e+00	1.228158e+01	-3.389792e+01
out_AVG_nE5_IE4_RE5_WE4_G0_10_spi.172	0.000000e+00	2.500000e+00	1.002596e+01	-2.641241e+01
out_AVG_nE5_IE4_RE5_WE4_G0_10_spi.173	0.000000e+00	2.500000e+00	1.278283e+01	-2.963822e+01
out_AVG_nE5_IE4_RE5_WE4_G0_10_spi.174	0.000000e+00	0.000000e+00	1.428657e+01	-5.462442e+01
out_AVG_nE5_IE4_RE5_WE4_G0_10_spi.175	0.000000e+00	7.000000e-01	8.772842e+00	-3.016090e+01
out_AVG_nE5_IE4_RE5_WE4_G0_10_spi.176	0.000000e+00	0.000000e+00	8.772842e+00	-3.657716e+01
out_AVG_nE5_IE4_RE5_WE4_G0_10_spi.177	0.000000e+00	1.380000e+01	2.030155e+01	-2.272685e+01
out_AVG_nE5_IE4_RE5_WE4_G0_10_spi.178	0.000000e+00	0.000000e+00	1.052721e+01	-4.380259e+01
out_AVG_nE5_IE4_RE5_WE4_G0_10_spi.179	0.000000e+00	1.310000e+01	3.283275e+01	-2.882821e+01
out_AVG_nE5_IE4_RE5_WE4_G0_10_spi.18	0.000000e+00	5.000000e-01	8.772842e+00	-3.128012e+01
out_AVG_nE5_IE4_RE5_WE4_G0_10_spi.180	0.000000e+00	0.000000e+00	7.770346e+00	-3.535715e+01
out_AVG_nE5_IE4_RE5_WE4_G0_10_spi.181	0.000000e+00	0.000000e+00	1.102846e+01	-4.259552e+01
out_AVG_nE5_IE4_RE5_WE4_G0_10_spi.182	0.000000e+00	0.000000e+00	1.303345e+01	-4.841565e+01
out_AVG_nE5_IE4_RE5_WE4_G0_10_spi.183	0.000000e+00	0.000000e+00	6.015977e+00	-3.093316e+01
out_AVG_nE5_IE4_RE5_WE4_G0_10_spi.184	0.000000e+00	0.000000e+00	1.478782e+01	-6.777946e+01
out_AVG_nE5_IE4_RE5_WE4_G0_10_spi.185	0.000000e+00	7.500000e+00	9.775338e+00	-1.968591e+01
out_AVG_nE5_IE4_RE5_WE4_G0_10_spi.186	0.000000e+00	3.610000e+01	3.834648e+01	-2.084466e+01
out_AVG_nE5_IE4_RE5_WE4_G0_10_spi.187	0.000000e+00	2.000000e+00	1.804593e+01	-3.582771e+01
out_AVG_nE5_IE4_RE5_WE4_G0_10_spi.188	0.000000e+00	6.600000e+00	2.105342e+01	-2.963856e+01
out_AVG_nE5_IE4_RE5_WE4_G0_10_spi.189	0.000000e+00	0.000000e+00	1.102846e+01	-4.629370e+01
out_AVG_nE5_IE4_RE5_WE4_G0_10_spi.19	0.000000e+00	1.310000e+01	1.629156e+01	-2.062392e+01
out_AVG_nE5_IE4_RE5_WE4_G0_10_spi.190	0.000000e+00	0.000000e+00	5.264105e+00	-3.113990e+01
out_AVG_nE5_IE4_RE5_WE4_G0_10_spi.191	0.000000e+00	7.600000e+00	8.271594e+00	-1.864714e+01
out_AVG_nE5_IE4_RE5_WE4_G0_10_spi.192	0.000000e+00	2.300000e+00	1.178033e+01	-2.986790e+01
out_AVG_nE5_IE4_RE5_WE4_G0_10_spi.193	0.000000e+00	3.600000e+00	1.604094e+01	-3.028590e+01
out_AVG_nE5_IE4_RE5_WE4_G0_10_spi.194	0.000000e+00	5.700000e+00	2.205592e+01	-3.050134e+01
out_AVG_nE5_IE4_RE5_WE4_G0_10_spi.195	0.000000e+00	2.600000e+00	1.027659e+01	-2.673783e+01
out_AVG_nE5_IE4_RE5_WE4_G0_10_spi.196	0.000000e+00	1.000000e-01	7.770346e+00	-3.557744e+01
out_AVG_nE5_IE4_RE5_WE4_G0_10_spi.197	0.000000e+00	2.000000e-01	9.274090e+00	-3.405786e+01
out_AVG_nE5_IE4_RE5_WE4_G0_10_spi.198	0.000000e+00	1.460000e+01	4.711832e+01	-3.225151e+01
out_AVG_nE5_IE4_RE5_WE4_G0_10_spi.199	0.000000e+00	9.640000e+01	5.639141e+01	-1.624697e+01
out_AVG_nE5_IE4_RE5_WE4_G0_10_spi.2	0.000000e+00	3.000000e-01	1.528907e+01	-4.054255e+01
out_AVG_nE5_IE4_RE5_WE4_G0_10_spi.20	0.000000e+00	1.070000e+01	9.524714e+00	-1.707725e+01
out_AVG_nE5_IE4_RE5_WE4_G0_10_spi.200	0.000000e+00	0.000000e+00	7.770346e+00	-4.190612e+01
out_AVG_nE5_IE4_RE5_WE4_G0_10_spi.201	0.000000e+00	0.000000e+00	6.767850e+00	-3.435135e+01
out_AVG_nE5_IE4_RE5_WE4_G0_10_spi.202	0.000000e+00	1.900000e+00	2.005092e+01	-3.775657e+01
out_AVG_nE5_IE4_RE5_WE4_G0_10_spi.203	0.000000e+00	1.200000e+00	9.274090e+00	-2.857758e+01
out_AVG_nE5_IE4_RE5_WE4_G0_10_spi.204	0.000000e+00	0.000000e+00	1.077783e+01	-4.248662e+01
out_AVG_nE5_IE4_RE5_WE4_G0_10_spi.205	0.000000e+00	0.000000e+00	7.269098e+00	-3.421618e+01
out_AVG_nE5_IE4_RE5_WE4_G0_10_spi.206	0.000000e+00	1.250000e+01	1.528907e+01	-2.054744e+01
out_AVG_nE5_IE4_RE5_WE4_G0_10_spi.207	0.000000e+00	2.450000e+01	1.629156e+01	-1.607393e+01
out_AVG_nE5_IE4_RE5_WE4_G0_10_spi.208	0.000000e+00	3.600000e+00	1.428657e+01	-2.822860e+01
out_AVG_nE5_IE4_RE5_WE4_G0_10_spi.209	0.000000e+00	0.000000e+00	1.378532e+01	-4.411163e+01
out_AVG_nE5_IE4_RE5_WE4_G0_10_spi.21	0.000000e+00	8.100000e+00	1.929905e+01	-2.618302e+01
out_AVG_nE5_IE4_RE5_WE4_G0_10_spi.210	0.000000e+00	2.000000e-01	1.428657e+01	-4.299558e+01
out_AVG_nE5_IE4_RE5_WE4_G0_10_spi.211	0.000000e+00	1.200000e+00	5.013481e+00	-2.159400e+01
out_AVG_nE5_IE4_RE5_WE4_G0_10_spi.212	0.000000e+00	4.000000e-01	1.052721e+01	-3.552271e+01
out_AVG_nE5_IE4_RE5_WE4_G0_10_spi.213	0.000000e+00	1.020000e+01	5.514729e+00	-1.275006e+01
out_AVG_nE5_IE4_RE5_WE4_G0_10_spi.214	0.000000e+00	0.000000e+00	1.904843e+01	-4.756792e+01
out_AVG_nE5_IE4_RE5_WE4_G0_10_spi.215	0.000000e+00	5.900000e+00	1.754468e+01	-2.860218e+01
out_AVG_nE5_IE4_RE5_WE4_G0_10_spi.216	0.000000e+00	1.000000e-01	1.027659e+01	-3.729269e+01
out_AVG_nE5_IE4_RE5_WE4_G0_10_spi.217	0.000000e+00	0.000000e+00	7.770346e+00	-3.781643e+01
out_AVG_nE5_IE4_RE5_WE4_G0_10_spi.218	0.000000e+00	3.100000e+00	1.403595e+01	-2.972255e+01
out_AVG_nE5_IE4_RE5_WE4_G0_10_spi.219	0.000000e+00	1.000000e-01	8.522218e+00	-3.363170e+01
out_AVG_nE5_IE4_RE5_WE4_G0_10_spi.22	0.000000e+00	0.000000e+00	1.779531e+01	-5.279943e+01
out_AVG_nE5_IE4_RE5_WE4_G0_10_spi.220	0.000000e+00	4.160000e+01	3.884773e+01	-2.018286e+01
out_AVG_nE5_IE4_RE5_WE4_G0_10_spi.221	0.000000e+00	0.000000e+00	9.023466e+00	-3.736898e+01
out_AVG_nE5_IE4_RE5_WE4_G0_10_spi.222	0.000000e+00	8.000000e-01	8.020970e+00	-2.941715e+01
out_AVG_nE5_IE4_RE5_WE4_G0_10_spi.223	0.000000e+00	6.900000e+00	2.280779e+01	-3.028912e+01
out_AVG_nE5_IE4_RE5_WE4_G0_10_spi.224	0.000000e+00	1.900000e+00	6.266602e+00	-2.222348e+01
out_AVG_nE5_IE4_RE5_WE4_G0_10_spi.225	0.000000e+00	2.830000e+01	6.666700e+01	-2.950369e+01
out_AVG_nE5_IE4_RE5_WE4_G0_10_spi.226	0.000000e+00	6.000000e+00	2.180529e+01	-3.061785e+01
out_AVG_nE5_IE4_RE5_WE4_G0_10_spi.227	0.000000e+00	1.000000e-01	1.378532e+01	-4.071851e+01
out_AVG_nE5_IE4_RE5_WE4_G0_10_spi.228	0.000000e+00	2.500000e+00	1.604094e+01	-3.353766e+01
out_AVG_nE5_IE4_RE5_WE4_G0_10_spi.229	0.000000e+00	2.150000e+01	2.381029e+01	-2.083072e+01
out_AVG_nE5_IE4_RE5_WE4_G0_10_spi.23	0.000000e+00	1.300000e+00	1.253220e+01	-3.213122e+01
out_AVG_nE5_IE4_RE5_WE4_G0_10_spi.230	0.000000e+00	1.540000e+01	2.631653e+01	-2.436208e+01
out_AVG_nE5_IE4_RE5_WE4_G0_10_spi.231	0.000000e+00	2.000000e-01	9.524714e+00	-3.451836e+01
out_AVG_nE5_IE4_RE5_WE4_G0_10_spi.232	0.000000e+00	7.800000e+00	2.180529e+01	-2.830719e+01
out_AVG_nE5_IE4_RE5_WE4_G0_10_spi.233	0.000000e+00	3.970000e+01	6.766950e+01	-2.612790e+01
out_AVG_nE5_IE4_RE5_WE4_G0_10_spi.234	0.000000e+00	0.000000e+00	8.271594e+00	-3.351503e+01
out_AVG_nE5_IE4_RE5_WE4_G0_10_spi.235	0.000000e+00	6.300000e+00	1.553969e+01	-2.639368e+01
out_AVG_nE5_IE4_RE5_WE4_G0_10_spi.236	0.000000e+00	5.600000e+00	1.378532e+01	-2.601460e+01
out_AVG_nE5_IE4_RE5_WE4_G0_10_spi.237	0.000000e+00	4.400000e+00	1.604094e+01	-2.926287e+01
out_AVG_nE5_IE4_RE5_WE4_G0_10_spi.238	0.000000e+00	0.000000e+00	1.879780e+01	-6.851794e+01
out_AVG_nE5_IE4_RE5_WE4_G0_10_spi.239	0.000000e+00	1.540000e+01	1.904843e+01	-2.075555e+01
out_AVG_nE5_IE4_RE5_WE4_G0_10_spi.24	0.000000e+00	3.530000e+01	2.280779e+01	-1.623972e+01
out_AVG_nE5_IE4_RE5_WE4_G0_10_spi.240	0.000000e+00	1.520000e+01	2.180529e+01	-2.327055e+01
out_AVG_nE5_IE4_RE5_WE4_G0_10_spi.241	0.000000e+00	1.900000e+00	8.271594e+00	-2.538549e+01
out_AVG_nE5_IE4_RE5_WE4_G0_10_spi.242	0.000000e+00	3.070000e+01	4.035147e+01	-2.310689e+01
out_AVG_nE5_IE4_RE5_WE4_G0_10_spi.243	0.000000e+00	0.000000e+00	1.152971e+01	-4.239924e+01
out_AVG_nE5_IE4_RE5_WE4_G0_10_spi.244	0.000000e+00	6.300000e+00	1.604094e+01	-2.650604e+01
out_AVG_nE5_IE4_RE5_WE4_G0_10_spi.245	0.000000e+00	1.000000e-01	1.253220e+01	-4.061114e+01
out_AVG_nE5_IE4_RE5_WE4_G0_10_spi.246	0.000000e+00	7.000000e+00	3.057714e+01	-3.338511e+01
out_AVG_nE5_IE4_RE5_WE4_G0_10_spi.247	0.000000e+00	0.000000e+00	1.353470e+01	-5.329514e+01
out_AVG_nE5_IE4_RE5_WE4_G0_10_spi.248	0.000000e+00	8.600000e+00	1.553969e+01	-2.333469e+01
out_AVG_nE5_IE4_RE5_WE4_G0_10_spi.249	0.000000e+00	3.100000e+00	7.519722e+00	-2.188027e+01
out_AVG_nE5_IE4_RE5_WE4_G0_10_spi.25	0.000000e+00	0.000000e+00	8.522218e+00	-3.691981e+01
out_AVG_nE5_IE4_RE5_WE4_G0_10_spi.250	0.000000e+00	3.530000e+01	3.884773e+01	-2.080363e+01
out_AVG_nE5_IE4_RE5_WE4_G0_10_spi.251	0.000000e+00	0.000000e+00	1.579032e+01	-4.386384e+01
out_AVG_nE5_IE4_RE5_WE4_G0_10_spi.252	0.000000e+00	6.000000e+00	2.230654e+01	-3.008794e+01
out_AVG_nE5_IE4_RE5_WE4_G0_10_spi.253	0.000000e+00	1.700000e+00	1.954968e+01	-3.850043e+01
out_AVG_nE5_IE4_RE5_WE4_G0_10_spi.254	0.000000e+00	4.470000e+01	8.320819e+01	-2.724279e+01
out_AVG_nE5_IE4_RE5_WE4_G0_10_spi.255	0.000000e+00	3.200000e+00	1.203095e+01	-2.738527e+01
out_AVG_nE5_IE4_RE5_WE4_G0_10_spi.256	0.000000e+00	6.700000e+00	1.052721e+01	-2.116710e+01
out_AVG_nE5_IE4_RE5_WE4_G0_10_spi.257	0.000000e+00	2.100000e+00	1.954968e+01	-3.658077e+01
out_AVG_nE5_IE4_RE5_WE4_G0_10_spi.258	0.000000e+00	1.000000e-01	1.027659e+01	-3.731228e+01
out_AVG_nE5_IE4_RE5_WE4_G0_10_spi.259	0.000000e+00	2.400000e+00	1.303345e+01	-3.036780e+01
out_AVG_nE5_IE4_RE5_WE4_G0_10_spi.26	0.000000e+00	0.000000e+00	1.127908e+01	-4.410962e+01
out_AVG_nE5_IE4_RE5_WE4_G0_10_spi.260	0.000000e+00	1.600000e+00	1.478782e+01	-3.502358e+01
out_AVG_nE5_IE4_RE5_WE4_G0_10_spi.261	0.000000e+00	3.400000e+00	1.478782e+01	-2.995703e+01
out_AVG_nE5_IE4_RE5_WE4_G0_10_spi.262	0.000000e+00	7.000000e-01	1.829656e+01	-4.038369e+01
out_AVG_nE5_IE4_RE5_WE4_G0_10_spi.263	0.000000e+00	0.000000e+00	1.553969e+01	-5.709897e+01
out_AVG_nE5_IE4_RE5_WE4_G0_10_spi.264	0.000000e+00	2.000000e-01	1.102846e+01	-3.754368e+01
out_AVG_nE5_IE4_RE5_WE4_G0_10_spi.265	0.000000e+00	2.000000e-01	1.654219e+01	-4.285616e+01
out_AVG_nE5_IE4_RE5_WE4_G0_10_spi.266	0.000000e+00	0.000000e+00	2.130405e+01	-6.861156e+01
out_AVG_nE5_IE4_RE5_WE4_G0_10_spi.267	0.000000e+00	4.000000e-01	1.403595e+01	-3.945476e+01
out_AVG_nE5_IE4_RE5_WE4_G0_10_spi.268	0.000000e+00	3.000000e-01	1.378532e+01	-3.949776e+01
out_AVG_nE5_IE4_RE5_WE4_G0_10_spi.269	0.000000e+00	6.800000e+00	2.180529e+01	-2.947069e+01
out_AVG_nE5_IE4_RE5_WE4_G0_10_spi.27	0.000000e+00	0.000000e+00	1.127908e+01	-4.194076e+01
out_AVG_nE5_IE4_RE5_WE4_G0_10_spi.270	0.000000e+00	1.250000e+01	2.005092e+01	-2.392367e+01
out_AVG_nE5_IE4_RE5_WE4_G0_10_spi.271	0.000000e+00	1.800000e+00	8.020970e+00	-2.474103e+01
out_AVG_nE5_IE4_RE5_WE4_G0_10_spi.272	0.000000e+00	4.900000e+00	2.556465e+01	-3.401538e+01
out_AVG_nE5_IE4_RE5_WE4_G0_10_spi.273	0.000000e+00	0.000000e+00	1.228158e+01	-4.380421e+01
out_AVG_nE5_IE4_RE5_WE4_G0_10_spi.274	0.000000e+00	0.000000e+00	2.005092e+01	-6.379029e+01
out_AVG_nE5_IE4_RE5_WE4_G0_10_spi.275	0.000000e+00	2.000000e-01	1.303345e+01	-3.830866e+01
out_AVG_nE5_IE4_RE5_WE4_G0_10_spi.276	0.000000e+00	4.240000e+01	9.498752e+01	-2.988902e+01
out_AVG_nE5_IE4_RE5_WE4_G0_10_spi.277	0.000000e+00	2.380000e+01	2.230654e+01	-1.894800e+01
out_AVG_nE5_IE4_RE5_WE4_G0_10_spi.278	0.000000e+00	0.000000e+00	5.514729e+00	-3.264097e+01
out_AVG_nE5_IE4_RE5_WE4_G0_10_spi.279	0.000000e+00	0.000000e+00	1.353470e+01	-5.390181e+01
out_AVG_nE5_IE4_RE5_WE4_G0_10_spi.28	0.000000e+00	0.000000e+00	1.303345e+01	-4.453660e+01
out_AVG_nE5_IE4_RE5_WE4_G0_10_spi.280	0.000000e+00	1.000000e-01	8.020970e+00	-3.205218e+01
out_AVG_nE5_IE4_RE5_WE4_G0_10_spi.281	0.000000e+00	1.930000e+01	2.832152e+01	-2.372972e+01
out_AVG_nE5_IE4_RE5_WE4_G0_10_spi.282	0.000000e+00	8.300000e+00	2.456216e+01	-2.933503e+01
out_AVG_nE5_IE4_RE5_WE4_G0_10_spi.283	0.000000e+00	1.110000e+01	1.854718e+01	-2.368149e+01
out_AVG_nE5_IE4_RE5_WE4_G0_10_spi.284	0.000000e+00	0.000000e+00	1.478782e+01	-4.661379e+01
out_AVG_nE5_IE4_RE5_WE4_G0_10_spi.285	0.000000e+00	0.000000e+00	8.020970e+00	-3.565658e+01
out_AVG_nE5_IE4_RE5_WE4_G0_10_spi.286	0.000000e+00	3.160000e+01	3.784523e+01	-2.222401e+01
out_AVG_nE5_IE4_RE5_WE4_G0_10_spi.287	0.000000e+00	4.900000e+00	1.754468e+01	-2.988130e+01
out_AVG_nE5_IE4_RE5_WE4_G0_10_spi.288	0.000000e+00	7.510000e+01	1.000000e+02	-2.171478e+01
out_AVG_nE5_IE4_RE5_WE4_G0_10_spi.289	0.000000e+00	6.000000e+00	9.023466e+00	-2.088025e+01
out_AVG_nE5_IE4_RE5_WE4_G0_10_spi.29	0.000000e+00	2.600000e+00	1.528907e+01	-3.115640e+01
out_AVG_nE5_IE4_RE5_WE4_G0_10_spi.290	0.000000e+00	3.000000e-01	6.767850e+00	-2.943756e+01
out_AVG_nE5_IE4_RE5_WE4_G0_10_spi.291	0.000000e+00	1.930000e+01	5.338392e+01	-3.058364e+01
out_AVG_nE5_IE4_RE5_WE4_G0_10_spi.292	0.000000e+00	0.000000e+00	2.180529e+01	-6.397105e+01
out_AVG_nE5_IE4_RE5_WE4_G0_10_spi.293	0.000000e+00	1.270000e+01	2.155467e+01	-2.480984e+01
out_AVG_nE5_IE4_RE5_WE4_G0_10_spi.294	0.000000e+00	2.000000e-01	7.770346e+00	-3.192313e+01
out_AVG_nE5_IE4_RE5_WE4_G0_10_spi.295	0.000000e+00	0.000000e+00	1.002596e+01	-4.360114e+01
out_AVG_nE5_IE4_RE5_WE4_G0_10_spi.296	0.000000e+00	0.000000e+00	1.579032e+01	-5.513970e+01
out_AVG_nE5_IE4_RE5_WE4_G0_10_spi.297	0.000000e+00	2.000000e-01	6.517226e+00	-2.954295e+01
out_AVG_nE5_IE4_RE5_WE4_G0_10_spi.298	0.000000e+00	8.000000e+00	3.258213e+01	-3.290932e+01
out_AVG_nE5_IE4_RE5_WE4_G0_10_spi.299	0.000000e+00	0.000000e+00	9.274090e+00	-4.151021e+01
out_AVG_nE5_IE4_RE5_WE4_G0_10_spi.3	0.000000e+00	9.100000e+00	2.656715e+01	-2.937690e+01
out_AVG_nE5_IE4_RE5_WE4_G0_10_spi.30	0.000000e+00	1.790000e+01	2.180529e+01	-2.134489e+01
out_AVG_nE5_IE4_RE5_WE4_G0_10_spi.300	0.000000e+00	1.490000e+01	1.954968e+01	-2.193765e+01
out_AVG_nE5_IE4_RE5_WE4_G0_10_spi.301	0.000000e+00	1.000000e+00	1.478782e+01	-3.612649e+01
out_AVG_nE5_IE4_RE5_WE4_G0_10_spi.302	0.000000e+00	1.000000e-01	1.152971e+01	-4.101270e+01
out_AVG_nE5_IE4_RE5_WE4_G0_10_spi.303	0.000000e+00	1.000000e-01	7.519722e+00	-3.215803e+01
out_AVG_nE5_IE4_RE5_WE4_G0_10_spi.304	0.000000e+00	5.000000e+00	1.478782e+01	-2.685875e+01
out_AVG_nE5_IE4_RE5_WE4_G0_10_spi.305	0.000000e+00	4.000000e-01	6.266602e+00	-2.848328e+01
out_AVG_nE5_IE4_RE5_WE4_G0_10_spi.306	0.000000e+00	0.000000e+00	1.879780e+01	-5.239624e+01
out_AVG_nE5_IE4_RE5_WE4_G0_10_spi.307	0.000000e+00	0.000000e+00	1.253220e+01	-4.345122e+01
out_AVG_nE5_IE4_RE5_WE4_G0_10_spi.308	0.000000e+00	0.000000e+00	8.020970e+00	-3.421641e+01
out_AVG_nE5_IE4_RE5_WE4_G0_10_spi.309	0.000000e+00	1.230000e+01	1.854718e+01	-2.276962e+01
out_AVG_nE5_IE4_RE5_WE4_G0_10_spi.31	0.000000e+00	9.000000e-01	1.303345e+01	-3.529944e+01
out_AVG_nE5_IE4_RE5_WE4_G0_10_spi.310	0.000000e+00	1.260000e+01	1.954968e+01	-2.269696e+01
out_AVG_nE5_IE4_RE5_WE4_G0_10_spi.311	0.000000e+00	8.600000e+00	1.278283e+01	-2.094231e+01
out_AVG_nE5_IE4_RE5_WE4_G0_10_spi.312	0.000000e+00	2.400000e+00	1.303345e+01	-3.066731e+01
out_AVG_nE5_IE4_RE5_WE4_G0_10_spi.313	0.000000e+00	0.000000e+00	1.203095e+01	-4.535188e+01
out_AVG_nE5_IE4_RE5_WE4_G0_10_spi.314	0.000000e+00	2.500000e+00	2.381029e+01	-3.759647e+01
out_AVG_nE5_IE4_RE5_WE4_G0_10_spi.315	0.000000e+00	6.600000e+00	1.779531e+01	-2.689616e+01
out_AVG_nE5_IE4_RE5_WE4_G0_10_spi.316	0.000000e+00	2.000000e-01	1.002596e+01	-3.526590e+01
out_AVG_nE5_IE4_RE5_WE4_G0_10_spi.317	0.000000e+00	3.020000e+01	2.105342e+01	-1.721616e+01
out_AVG_nE5_IE4_RE5_WE4_G0_10_spi.318	0.000000e+00	8.050000e+01	6.090265e+01	-1.826725e+01
out_AVG_nE5_IE4_RE5_WE4_G0_10_spi.319	0.000000e+00	0.000000e+00	9.524714e+00	-4.239783e+01
out_AVG_nE5_IE4_RE5_WE4_G0_10_spi.32	0.000000e+00	2.880000e+01	4.110335e+01	-2.398614e+01
out_AVG_nE5_IE4_RE5_WE4_G0_10_spi.320	0.000000e+00	1.780000e+01	8.345881e+01	-3.779071e+01
out_AVG_nE5_IE4_RE5_WE4_G0_10_spi.321	0.000000e+00	1.120000e+01	2.431153e+01	-2.692176e+01
out_AVG_nE5_IE4_RE5_WE4_G0_10_spi.322	0.000000e+00	0.000000e+00	1.729406e+01	-6.371914e+01
out_AVG_nE5_IE4_RE5_WE4_G0_10_spi.323	0.000000e+00	0.000000e+00	8.271594e+00	-3.641198e+01
out_AVG_nE5_IE4_RE5_WE4_G0_10_spi.324	0.000000e+00	1.630000e+01	2.631653e+01	-2.434929e+01
out_AVG_nE5_IE4_RE5_WE4_G0_10_spi.325	0.000000e+00	1.000000e-01	1.378532e+01	-4.450934e+01
out_AVG_nE5_IE4_RE5_WE4_G0_10_spi.326	0.000000e+00	2.000000e+00	9.524714e+00	-2.714969e+01
out_AVG_nE5_IE4_RE5_WE4_G0_10_spi.327	0.000000e+00	0.000000e+00	1.403595e+01	-4.710786e+01
out_AVG_nE5_IE4_RE5_WE4_G0_10_spi.328	0.000000e+00	1.070000e+01	1.453720e+01	-2.082475e+01
out_AVG_nE5_IE4_RE5_WE4_G0_10_spi.329	0.000000e+00	2.000000e-01	1.303345e+01	-4.095456e+01
out_AVG_nE5_IE4_RE5_WE4_G0_10_spi.33	0.000000e+00	1.000000e-01	1.528907e+01	-4.616330e+01
out_AVG_nE5_IE4_RE5_WE4_G0_10_spi.330	0.000000e+00	2.000000e-01	1.027659e+01	-3.650447e+01
out_AVG_nE5_IE4_RE5_WE4_G0_10_spi.331	0.000000e+00	0.000000e+00	1.002596e+01	-4.610553e+01
out_AVG_nE5_IE4_RE5_WE4_G0_10_spi.332	0.000000e+00	6.000000e+00	2.230654e+01	-3.090946e+01
out_AVG_nE5_IE4_RE5_WE4_G0_10_spi.333	0.000000e+00	4.500000e+00	1.428657e+01	-2.732853e+01
out_AVG_nE5_IE4_RE5_WE4_G0_10_spi.334	0.000000e+00	1.000000e-01	1.152971e+01	-4.138619e+01
out_AVG_nE5_IE4_RE5_WE4_G0_10_spi.335	0.000000e+00	8.000000e-01	1.077783e+01	-3.204927e+01
out_AVG_nE5_IE4_RE5_WE4_G0_10_spi.336	0.000000e+00	2.600000e+00	1.654219e+01	-3.280235e+01
out_AVG_nE5_IE4_RE5_WE4_G0_10_spi.337	0.000000e+00	0.000000e+00	1.604094e+01	-5.151955e+01
out_AVG_nE5_IE4_RE5_WE4_G0_10_spi.338	0.000000e+00	1.050000e+01	2.556465e+01	-2.726372e+01
out_AVG_nE5_IE4_RE5_WE4_G0_10_spi.339	0.000000e+00	4.000000e+00	1.679281e+01	-3.019681e+01
out_AVG_nE5_IE4_RE5_WE4_G0_10_spi.34	0.000000e+00	3.000000e-01	1.228158e+01	-3.646600e+01
out_AVG_nE5_IE4_RE5_WE4_G0_10_spi.340	0.000000e+00	2.310000e+01	1.579032e+01	-1.650638e+01
out_AVG_nE5_IE4_RE5_WE4_G0_10_spi.341	0.000000e+00	8.200000e+00	2.330904e+01	-2.866888e+01
out_AVG_nE5_IE4_RE5_WE4_G0_10_spi.342	0.000000e+00	1.100000e+01	2.155467e+01	-2.524163e+01
out_AVG_nE5_IE4_RE5_WE4_G0_10_spi.343	0.000000e+00	1.000000e-01	1.152971e+01	-4.123917e+01
out_AVG_nE5_IE4_RE5_WE4_G0_10_spi.344	0.000000e+00	1.000000e-01	1.403595e+01	-5.082492e+01
out_AVG_nE5_IE4_RE5_WE4_G0_10_spi.345	0.000000e+00	0.000000e+00	1.152971e+01	-4.926619e+01
out_AVG_nE5_IE4_RE5_WE4_G0_10_spi.346	0.000000e+00	9.980000e+01	1.000000e+02	-1.833582e+01
out_AVG_nE5_IE4_RE5_WE4_G0_10_spi.347	0.000000e+00	8.600000e+00	2.481278e+01	-2.869892e+01
out_AVG_nE5_IE4_RE5_WE4_G0_10_spi.348	0.000000e+00	3.600000e+00	1.854718e+01	-3.308210e+01
out_AVG_nE5_IE4_RE5_WE4_G0_10_spi.349	0.000000e+00	3.590000e+01	3.283275e+01	-1.964446e+01
out_AVG_nE5_IE4_RE5_WE4_G0_10_spi.35	0.000000e+00	1.400000e+00	1.604094e+01	-3.553505e+01
out_AVG_nE5_IE4_RE5_WE4_G0_10_spi.350	0.000000e+00	1.200000e+00	1.127908e+01	-3.203596e+01
out_AVG_nE5_IE4_RE5_WE4_G0_10_spi.351	0.000000e+00	6.000000e+00	1.929905e+01	-2.901930e+01
out_AVG_nE5_IE4_RE5_WE4_G0_10_spi.352	0.000000e+00	1.140000e+01	3.358462e+01	-3.062064e+01
out_AVG_nE5_IE4_RE5_WE4_G0_10_spi.353	0.000000e+00	0.000000e+00	1.178033e+01	-4.560522e+01
out_AVG_nE5_IE4_RE5_WE4_G0_10_spi.354	0.000000e+00	2.000000e-01	9.524714e+00	-3.520195e+01
out_AVG_nE5_IE4_RE5_WE4_G0_10_spi.355	0.000000e+00	8.500000e+00	1.328408e+01	-2.132967e+01
out_AVG_nE5_IE4_RE5_WE4_G0_10_spi.356	0.000000e+00	0.000000e+00	1.152971e+01	-4.248835e+01
out_AVG_nE5_IE4_RE5_WE4_G0_10_spi.357	0.000000e+00	1.000000e-01	1.102846e+01	-3.741828e+01
out_AVG_nE5_IE4_RE5_WE4_G0_10_spi.358	0.000000e+00	9.400000e+00	1.904843e+01	-2.466722e+01
out_AVG_nE5_IE4_RE5_WE4_G0_10_spi.359	0.000000e+00	0.000000e+00	1.178033e+01	-4.575273e+01
out_AVG_nE5_IE4_RE5_WE4_G0_10_spi.36	0.000000e+00	0.000000e+00	1.002596e+01	-4.186740e+01
out_AVG_nE5_IE4_RE5_WE4_G0_10_spi.360	0.000000e+00	0.000000e+00	5.514729e+00	-2.951289e+01
out_AVG_nE5_IE4_RE5_WE4_G0_10_spi.361	0.000000e+00	7.100000e+00	1.453720e+01	-2.369696e+01
out_AVG_nE5_IE4_RE5_WE4_G0_10_spi.362	0.000000e+00	0.000000e+00	1.178033e+01	-4.928496e+01
out_AVG_nE5_IE4_RE5_WE4_G0_10_spi.363	0.000000e+00	1.900000e+00	1.453720e+01	-3.320232e+01
out_AVG_nE5_IE4_RE5_WE4_G0_10_spi.364	0.000000e+00	9.860000e+01	4.761957e+01	-1.310549e+01
out_AVG_nE5_IE4_RE5_WE4_G0_10_spi.365	0.000000e+00	0.000000e+00	1.052721e+01	-3.958524e+01
out_AVG_nE5_IE4_RE5_WE4_G0_10_spi.366	0.000000e+00	6.600000e+00	1.002596e+01	-2.112130e+01
out_AVG_nE5_IE4_RE5_WE4_G0_10_spi.367	0.000000e+00	7.300000e+00	1.152971e+01	-2.197827e+01
out_AVG_nE5_IE4_RE5_WE4_G0_10_spi.368	0.000000e+00	1.200000e+01	1.328408e+01	-1.955689e+01
out_AVG_nE5_IE4_RE5_WE4_G0_10_spi.369	0.000000e+00	1.000000e-01	7.770346e+00	-3.508760e+01
out_AVG_nE5_IE4_RE5_WE4_G0_10_spi.37	0.000000e+00	1.730000e+01	2.381029e+01	-2.244842e+01
out_AVG_nE5_IE4_RE5_WE4_G0_10_spi.370	0.000000e+00	7.800000e+00	1.829656e+01	-2.617659e+01
out_AVG_nE5_IE4_RE5_WE4_G0_10_spi.371	0.000000e+00	1.200000e+00	1.428657e+01	-3.478993e+01
out_AVG_nE5_IE4_RE5_WE4_G0_10_spi.372	0.000000e+00	1.700000e+00	1.553969e+01	-3.505285e+01
out_AVG_nE5_IE4_RE5_WE4_G0_10_spi.373	0.000000e+00	1.080000e+01	2.456216e+01	-2.738831e+01
out_AVG_nE5_IE4_RE5_WE4_G0_10_spi.374	0.000000e+00	3.200000e+00	1.829656e+01	-3.343230e+01
out_AVG_nE5_IE4_RE5_WE4_G0_10_spi.375	0.000000e+00	0.000000e+00	1.077783e+01	-3.775347e+01
out_AVG_nE5_IE4_RE5_WE4_G0_10_spi.376	0.000000e+00	0.000000e+00	1.378532e+01	-5.292423e+01
out_AVG_nE5_IE4_RE5_WE4_G0_10_spi.377	0.000000e+00	7.940000e+01	4.210584e+01	-1.594975e+01
out_AVG_nE5_IE4_RE5_WE4_G0_10_spi.378	0.000000e+00	5.000000e-01	1.679281e+01	-4.051513e+01
out_AVG_nE5_IE4_RE5_WE4_G0_10_spi.379	0.000000e+00	1.500000e+00	1.804593e+01	-3.787478e+01
out_AVG_nE5_IE4_RE5_WE4_G0_10_spi.38	0.000000e+00	0.000000e+00	1.654219e+01	-5.625942e+01
out_AVG_nE5_IE4_RE5_WE4_G0_10_spi.380	0.000000e+00	0.000000e+00	1.052721e+01	-3.762824e+01
out_AVG_nE5_IE4_RE5_WE4_G0_10_spi.381	0.000000e+00	2.020000e+01	2.882277e+01	-2.295384e+01
out_AVG_nE5_IE4_RE5_WE4_G0_10_spi.382	0.000000e+00	1.000000e-01	1.102846e+01	-3.979898e+01
out_AVG_nE5_IE4_RE5_WE4_G0_10_spi.383	0.000000e+00	7.510000e+01	1.000000e+02	-2.319279e+01
out_AVG_nE5_IE4_RE5_WE4_G0_10_spi.384	0.000000e+00	0.000000e+00	1.228158e+01	-4.865814e+01
out_AVG_nE5_IE4_RE5_WE4_G0_10_spi.385	0.000000e+00	0.000000e+00	2.230654e+01	-7.459444e+01
out_AVG_nE5_IE4_RE5_WE4_G0_10_spi.386	0.000000e+00	0.000000e+00	1.253220e+01	-4.193185e+01
out_AVG_nE5_IE4_RE5_WE4_G0_10_spi.387	0.000000e+00	2.500000e+00	1.704344e+01	-3.255367e+01
out_AVG_nE5_IE4_RE5_WE4_G0_10_spi.388	0.000000e+00	2.400000e+00	1.002596e+01	-2.702785e+01
out_AVG_nE5_IE4_RE5_WE4_G0_10_spi.389	0.000000e+00	3.200000e+00	1.178033e+01	-2.665759e+01
out_AVG_nE5_IE4_RE5_WE4_G0_10_spi.39	0.000000e+00	0.000000e+00	1.428657e+01	-4.920872e+01
out_AVG_nE5_IE4_RE5_WE4_G0_10_spi.390	0.000000e+00	7.920000e+01	6.365951e+01	-1.912881e+01
out_AVG_nE5_IE4_RE5_WE4_G0_10_spi.391	0.000000e+00	5.000000e-01	6.767850e+00	-2.800432e+01
out_AVG_nE5_IE4_RE5_WE4_G0_10_spi.392	0.000000e+00	1.600000e+01	1.929905e+01	-2.038609e+01
out_AVG_nE5_IE4_RE5_WE4_G0_10_spi.393	0.000000e+00	4.300000e+00	8.271594e+00	-2.104444e+01
out_AVG_nE5_IE4_RE5_WE4_G0_10_spi.394	0.000000e+00	2.140000e+01	5.664204e+01	-3.088226e+01
out_AVG_nE5_IE4_RE5_WE4_G0_10_spi.395	0.000000e+00	0.000000e+00	1.152971e+01	-3.856542e+01
out_AVG_nE5_IE4_RE5_WE4_G0_10_spi.396	0.000000e+00	1.600000e+00	1.152971e+01	-3.106104e+01
out_AVG_nE5_IE4_RE5_WE4_G0_10_spi.397	0.000000e+00	0.000000e+00	1.077783e+01	-4.339667e+01
out_AVG_nE5_IE4_RE5_WE4_G0_10_spi.398	0.000000e+00	2.500000e+00	1.178033e+01	-2.820924e+01
out_AVG_nE5_IE4_RE5_WE4_G0_10_spi.399	0.000000e+00	4.200000e+00	2.305841e+01	-3.402154e+01
out_AVG_nE5_IE4_RE5_WE4_G0_10_spi.4	0.000000e+00	2.000000e-01	6.015977e+00	-2.964086e+01
out_AVG_nE5_IE4_RE5_WE4_G0_10_spi.40	0.000000e+00	2.510000e+01	3.007589e+01	-2.183074e+01
out_AVG_nE5_IE4_RE5_WE4_G0_10_spi.400	0.000000e+00	2.000000e-01	4.261609e+00	-2.494576e+01
out_AVG_nE5_IE4_RE5_WE4_G0_10_spi.401	0.000000e+00	4.100000e+00	1.077783e+01	-2.435319e+01
out_AVG_nE5_IE4_RE5_WE4_G0_10_spi.402	0.000000e+00	6.800000e+00	1.804593e+01	-2.693744e+01
out_AVG_nE5_IE4_RE5_WE4_G0_10_spi.403	0.000000e+00	2.300000e+00	1.403595e+01	-3.215169e+01
out_AVG_nE5_IE4_RE5_WE4_G0_10_spi.404	0.000000e+00	1.000000e-01	1.127908e+01	-3.761664e+01
out_AVG_nE5_IE4_RE5_WE4_G0_10_spi.405	0.000000e+00	8.300000e+00	3.533899e+01	-3.408622e+01
out_AVG_nE5_IE4_RE5_WE4_G0_10_spi.406	0.000000e+00	2.440000e+01	3.784523e+01	-2.436374e+01
out_AVG_nE5_IE4_RE5_WE4_G0_10_spi.407	0.000000e+00	1.740000e+01	4.010085e+01	-2.799574e+01
out_AVG_nE5_IE4_RE5_WE4_G0_10_spi.408	0.000000e+00	3.400000e+00	1.854718e+01	-3.213578e+01
out_AVG_nE5_IE4_RE5_WE4_G0_10_spi.409	0.000000e+00	1.600000e+00	8.020970e+00	-2.680177e+01
out_AVG_nE5_IE4_RE5_WE4_G0_10_spi.41	0.000000e+00	0.000000e+00	5.013481e+00	-3.221526e+01
out_AVG_nE5_IE4_RE5_WE4_G0_10_spi.410	0.000000e+00	1.000000e+00	1.228158e+01	-3.408252e+01
out_AVG_nE5_IE4_RE5_WE4_G0_10_spi.411	0.000000e+00	9.100000e+00	1.178033e+01	-2.100262e+01
out_AVG_nE5_IE4_RE5_WE4_G0_10_spi.412	0.000000e+00	6.000000e+00	1.428657e+01	-2.547427e+01
out_AVG_nE5_IE4_RE5_WE4_G0_10_spi.413	0.000000e+00	5.000000e+00	2.731902e+01	-3.448444e+01
out_AVG_nE5_IE4_RE5_WE4_G0_10_spi.414	0.000000e+00	4.400000e+00	2.005092e+01	-3.240307e+01
out_AVG_nE5_IE4_RE5_WE4_G0_10_spi.415	0.000000e+00	3.600000e+00	1.729406e+01	-3.128792e+01
out_AVG_nE5_IE4_RE5_WE4_G0_10_spi.416	0.000000e+00	1.630000e+01	2.180529e+01	-2.200301e+01
out_AVG_nE5_IE4_RE5_WE4_G0_10_spi.417	0.000000e+00	2.400000e+00	7.770346e+00	-2.374165e+01
out_AVG_nE5_IE4_RE5_WE4_G0_10_spi.418	0.000000e+00	1.600000e+00	8.772842e+00	-2.728885e+01
out_AVG_nE5_IE4_RE5_WE4_G0_10_spi.419	0.000000e+00	0.000000e+00	8.020970e+00	-3.783352e+01
out_AVG_nE5_IE4_RE5_WE4_G0_10_spi.42	0.000000e+00	0.000000e+00	1.127908e+01	-4.142727e+01
out_AVG_nE5_IE4_RE5_WE4_G0_10_spi.420	0.000000e+00	1.600000e+00	8.020970e+00	-2.673479e+01
out_AVG_nE5_IE4_RE5_WE4_G0_10_spi.421	0.000000e+00	8.000000e+00	1.629156e+01	-2.452897e+01
out_AVG_nE5_IE4_RE5_WE4_G0_10_spi.422	0.000000e+00	1.300000e+00	1.353470e+01	-3.442272e+01
out_AVG_nE5_IE4_RE5_WE4_G0_10_spi.423	0.000000e+00	1.500000e+00	8.271594e+00	-2.718458e+01
out_AVG_nE5_IE4_RE5_WE4_G0_10_spi.424	0.000000e+00	5.000000e-01	9.524714e+00	-3.283985e+01
out_AVG_nE5_IE4_RE5_WE4_G0_10_spi.425	0.000000e+00	2.000000e-01	1.228158e+01	-3.942648e+01
out_AVG_nE5_IE4_RE5_WE4_G0_10_spi.426	0.000000e+00	1.870000e+01	2.957464e+01	-2.435198e+01
out_AVG_nE5_IE4_RE5_WE4_G0_10_spi.427	0.000000e+00	1.600000e+00	2.005092e+01	-3.841422e+01
out_AVG_nE5_IE4_RE5_WE4_G0_10_spi.428	0.000000e+00	3.600000e+00	1.904843e+01	-3.292793e+01
out_AVG_nE5_IE4_RE5_WE4_G0_10_spi.429	0.000000e+00	3.000000e+00	1.027659e+01	-2.638988e+01
out_AVG_nE5_IE4_RE5_WE4_G0_10_spi.43	0.000000e+00	4.600000e+00	2.130405e+01	-3.225034e+01
out_AVG_nE5_IE4_RE5_WE4_G0_10_spi.430	0.000000e+00	1.450000e+01	2.782027e+01	-2.570401e+01
out_AVG_nE5_IE4_RE5_WE4_G0_10_spi.431	0.000000e+00	2.490000e+01	4.285771e+01	-2.521446e+01
out_AVG_nE5_IE4_RE5_WE4_G0_10_spi.432	0.000000e+00	1.020000e+01	3.208088e+01	-3.092688e+01
out_AVG_nE5_IE4_RE5_WE4_G0_10_spi.433	0.000000e+00	5.280000e+01	3.333400e+01	-1.663953e+01
out_AVG_nE5_IE4_RE5_WE4_G0_10_spi.434	0.000000e+00	2.010000e+01	3.709336e+01	-2.601385e+01
out_AVG_nE5_IE4_RE5_WE4_G0_10_spi.435	0.000000e+00	5.400000e+00	2.055217e+01	-3.103549e+01
out_AVG_nE5_IE4_RE5_WE4_G0_10_spi.436	0.000000e+00	1.500000e+00	1.804593e+01	-3.676808e+01
out_AVG_nE5_IE4_RE5_WE4_G0_10_spi.437	0.000000e+00	1.000000e-01	1.228158e+01	-4.037814e+01
out_AVG_nE5_IE4_RE5_WE4_G0_10_spi.438	0.000000e+00	2.500000e+00	1.829656e+01	-3.407352e+01
out_AVG_nE5_IE4_RE5_WE4_G0_10_spi.439	0.000000e+00	1.600000e+00	1.253220e+01	-3.279133e+01
out_AVG_nE5_IE4_RE5_WE4_G0_10_spi.44	0.000000e+00	0.000000e+00	9.023466e+00	-3.554175e+01
out_AVG_nE5_IE4_RE5_WE4_G0_10_spi.440	0.000000e+00	5.000000e-01	1.077783e+01	-3.476060e+01
out_AVG_nE5_IE4_RE5_WE4_G0_10_spi.441	0.000000e+00	0.000000e+00	9.775338e+00	-3.710731e+01
out_AVG_nE5_IE4_RE5_WE4_G0_10_spi.442	0.000000e+00	9.400000e+00	2.807089e+01	-2.990159e+01
out_AVG_nE5_IE4_RE5_WE4_G0_10_spi.443	0.000000e+00	5.600000e+00	2.982526e+01	-3.511252e+01
out_AVG_nE5_IE4_RE5_WE4_G0_10_spi.444	0.000000e+00	4.400000e+00	2.832152e+01	-3.601592e+01
out_AVG_nE5_IE4_RE5_WE4_G0_10_spi.445	0.000000e+00	5.110000e+01	3.007589e+01	-1.597431e+01
out_AVG_nE5_IE4_RE5_WE4_G0_10_spi.446	0.000000e+00	2.000000e+00	1.027659e+01	-2.880482e+01
out_AVG_nE5_IE4_RE5_WE4_G0_10_spi.447	0.000000e+00	1.200000e+00	8.522218e+00	-2.827603e+01
out_AVG_nE5_IE4_RE5_WE4_G0_10_spi.448	0.000000e+00	0.000000e+00	1.453720e+01	-5.132473e+01
out_AVG_nE5_IE4_RE5_WE4_G0_10_spi.449	0.000000e+00	1.600000e+00	8.020970e+00	-2.628528e+01
out_AVG_nE5_IE4_RE5_WE4_G0_10_spi.45	0.000000e+00	4.000000e-01	5.765353e+00	-2.620818e+01
out_AVG_nE5_IE4_RE5_WE4_G0_10_spi.450	0.000000e+00	1.240000e+01	1.804593e+01	-2.236289e+01
out_AVG_nE5_IE4_RE5_WE4_G0_10_spi.451	0.000000e+00	1.170000e+01	2.205592e+01	-2.456026e+01
out_AVG_nE5_IE4_RE5_WE4_G0_10_spi.452	0.000000e+00	0.000000e+00	1.353470e+01	-5.280674e+01
out_AVG_nE5_IE4_RE5_WE4_G0_10_spi.453	0.000000e+00	9.100000e+00	2.305841e+01	-2.717399e+01
out_AVG_nE5_IE4_RE5_WE4_G0_10_spi.454	0.000000e+00	2.800000e+00	1.052721e+01	-2.588795e+01
out_AVG_nE5_IE4_RE5_WE4_G0_10_spi.455	0.000000e+00	5.600000e+00	1.428657e+01	-2.619675e+01
out_AVG_nE5_IE4_RE5_WE4_G0_10_spi.456	0.000000e+00	5.000000e-01	8.522218e+00	-3.111591e+01
out_AVG_nE5_IE4_RE5_WE4_G0_10_spi.457	0.000000e+00	9.700000e+00	1.754468e+01	-2.426298e+01
out_AVG_nE5_IE4_RE5_WE4_G0_10_spi.458	0.000000e+00	2.320000e+01	2.907339e+01	-2.239019e+01
out_AVG_nE5_IE4_RE5_WE4_G0_10_spi.459	0.000000e+00	3.000000e-01	1.629156e+01	-4.209843e+01
out_AVG_nE5_IE4_RE5_WE4_G0_10_spi.46	0.000000e+00	0.000000e+00	1.353470e+01	-4.070842e+01
out_AVG_nE5_IE4_RE5_WE4_G0_10_spi.460	0.000000e+00	1.000000e-01	1.178033e+01	-4.101622e+01
out_AVG_nE5_IE4_RE5_WE4_G0_10_spi.461	0.000000e+00	3.200000e+00	1.804593e+01	-3.235564e+01
out_AVG_nE5_IE4_RE5_WE4_G0_10_spi.462	0.000000e+00	0.000000e+00	1.077783e+01	-3.819752e+01
out_AVG_nE5_IE4_RE5_WE4_G0_10_spi.463	0.000000e+00	3.300000e+00	1.353470e+01	-2.870259e+01
out_AVG_nE5_IE4_RE5_WE4_G0_10_spi.464	0.000000e+00	0.000000e+00	7.018474e+00	-3.296128e+01
out_AVG_nE5_IE4_RE5_WE4_G0_10_spi.465	0.000000e+00	0.000000e+00	1.854718e+01	-7.771151e+01
out_AVG_nE5_IE4_RE5_WE4_G0_10_spi.466	0.000000e+00	8.000000e-01	1.102846e+01	-3.336419e+01
out_AVG_nE5_IE4_RE5_WE4_G0_10_spi.467	0.000000e+00	3.600000e+00	1.729406e+01	-3.175045e+01
out_AVG_nE5_IE4_RE5_WE4_G0_10_spi.468	0.000000e+00	4.590000e+01	8.421068e+01	-2.711295e+01
out_AVG_nE5_IE4_RE5_WE4_G0_10_spi.469	0.000000e+00	0.000000e+00	1.203095e+01	-4.901434e+01
out_AVG_nE5_IE4_RE5_WE4_G0_10_spi.47	0.000000e+00	3.400000e+00	1.829656e+01	-3.352289e+01
out_AVG_nE5_IE4_RE5_WE4_G0_10_spi.470	0.000000e+00	8.600000e+00	1.604094e+01	-2.382326e+01
out_AVG_nE5_IE4_RE5_WE4_G0_10_spi.471	0.000000e+00	0.000000e+00	9.023466e+00	-3.550379e+01
out_AVG_nE5_IE4_RE5_WE4_G0_10_spi.472	0.000000e+00	0.000000e+00	1.428657e+01	-5.015139e+01
out_AVG_nE5_IE4_RE5_WE4_G0_10_spi.473	0.000000e+00	0.000000e+00	1.228158e+01	-5.318331e+01
out_AVG_nE5_IE4_RE5_WE4_G0_10_spi.474	0.000000e+00	1.300000e+00	1.378532e+01	-3.409776e+01
out_AVG_nE5_IE4_RE5_WE4_G0_10_spi.475	0.000000e+00	4.350000e+01	3.483774e+01	-1.848886e+01
out_AVG_nE5_IE4_RE5_WE4_G0_10_spi.476	0.000000e+00	0.000000e+00	8.772842e+00	-3.647370e+01
out_AVG_nE5_IE4_RE5_WE4_G0_10_spi.477	0.000000e+00	5.750000e+01	4.887269e+01	-1.907848e+01
out_AVG_nE5_IE4_RE5_WE4_G0_10_spi.478	0.000000e+00	0.000000e+00	9.023466e+00	-4.947952e+01
out_AVG_nE5_IE4_RE5_WE4_G0_10_spi.479	0.000000e+00	6.800000e+00	2.481278e+01	-3.127090e+01
out_AVG_nE5_IE4_RE5_WE4_G0_10_spi.48	0.000000e+00	7.100000e+00	1.077783e+01	-2.084704e+01
out_AVG_nE5_IE4_RE5_WE4_G0_10_spi.480	0.000000e+00	0.000000e+00	1.804593e+01	-4.734100e+01
out_AVG_nE5_IE4_RE5_WE4_G0_10_spi.481	0.000000e+00	2.000000e-01	7.269098e+00	-3.080212e+01
out_AVG_nE5_IE4_RE5_WE4_G0_10_spi.482	0.000000e+00	1.800000e+00	2.005092e+01	-3.733572e+01
out_AVG_nE5_IE4_RE5_WE4_G0_10_spi.483	0.000000e+00	4.900000e+00	2.130405e+01	-3.156583e+01
out_AVG_nE5_IE4_RE5_WE4_G0_10_spi.484	0.000000e+00	1.750000e+01	2.406091e+01	-2.213416e+01
out_AVG_nE5_IE4_RE5_WE4_G0_10_spi.485	0.000000e+00	1.000000e-01	1.052721e+01	-3.834620e+01
out_AVG_nE5_IE4_RE5_WE4_G0_10_spi.486	0.000000e+00	3.200000e+00	1.579032e+01	-3.091949e+01
out_AVG_nE5_IE4_RE5_WE4_G0_10_spi.487	0.000000e+00	1.000000e-01	1.178033e+01	-3.888718e+01
out_AVG_nE5_IE4_RE5_WE4_G0_10_spi.488	0.000000e+00	1.000000e+00	8.271594e+00	-2.823864e+01
out_AVG_nE5_IE4_RE5_WE4_G0_10_spi.489	0.000000e+00	1.000000e-01	1.353470e+01	-4.011616e+01
out_AVG_nE5_IE4_RE5_WE4_G0_10_spi.49	0.000000e+00	0.000000e+00	8.772842e+00	-4.396898e+01
out_AVG_nE5_IE4_RE5_WE4_G0_10_spi.490	0.000000e+00	0.000000e+00	1.303345e+01	-4.387599e+01
out_AVG_nE5_IE4_RE5_WE4_G0_10_spi.491	0.000000e+00	2.540000e+01	1.754468e+01	-1.676588e+01
out_AVG_nE5_IE4_RE5_WE4_G0_10_spi.492	0.000000e+00	8.700000e+00	1.278283e+01	-2.155406e+01
out_AVG_nE5_IE4_RE5_WE4_G0_10_spi.493	0.000000e+00	1.100000e+00	1.002596e+01	-3.129471e+01
out_AVG_nE5_IE4_RE5_WE4_G0_10_spi.494	0.000000e+00	5.180000e+01	6.741887e+01	-2.375234e+01
out_AVG_nE5_IE4_RE5_WE4_G0_10_spi.495	0.000000e+00	1.780000e+01	1.403595e+01	-1.715010e+01
out_AVG_nE5_IE4_RE5_WE4_G0_10_spi.496	0.000000e+00	4.300000e+00	1.604094e+01	-2.953300e+01
out_AVG_nE5_IE4_RE5_WE4_G0_10_spi.497	0.000000e+00	2.200000e+00	1.328408e+01	-3.111756e+01
out_AVG_nE5_IE4_RE5_WE4_G0_10_spi.498	0.000000e+00	8.000000e-01	1.203095e+01	-3.507922e+01
out_AVG_nE5_IE4_RE5_WE4_G0_10_spi.499	0.000000e+00	1.400000e+00	1.303345e+01	-3.296579e+01
out_AVG_nE5_IE4_RE5_WE4_G0_10_spi.5	0.000000e+00	3.080000e+01	2.731902e+01	-1.933918e+01
out_AVG_nE5_IE4_RE5_WE4_G0_10_spi.50	0.000000e+00	1.250000e+01	1.929905e+01	-2.288469e+01
out_AVG_nE5_IE4_RE5_WE4_G0_10_spi.500	0.000000e+00	0.000000e+00	1.102846e+01	-3.984887e+01
out_AVG_nE5_IE4_RE5_WE4_G0_10_spi.501	0.000000e+00	0.000000e+00	1.303345e+01	-4.139158e+01
out_AVG_nE5_IE4_RE5_WE4_G0_10_spi.502	0.000000e+00	6.000000e+00	1.127908e+01	-2.314303e+01
out_AVG_nE5_IE4_RE5_WE4_G0_10_spi.503	0.000000e+00	3.750000e+01	7.794508e+01	-2.850645e+01
out_AVG_nE5_IE4_RE5_WE4_G0_10_spi.504	0.000000e+00	3.600000e+00	1.203095e+01	-2.672936e+01
out_AVG_nE5_IE4_RE5_WE4_G0_10_spi.505	0.000000e+00	7.300000e+00	1.353470e+01	-2.313292e+01
out_AVG_nE5_IE4_RE5_WE4_G0_10_spi.506	0.000000e+00	3.700000e+00	2.080280e+01	-3.403683e+01
out_AVG_nE5_IE4_RE5_WE4_G0_10_spi.507	0.000000e+00	4.000000e+00	1.328408e+01	-2.736581e+01
out_AVG_nE5_IE4_RE5_WE4_G0_10_spi.508	0.000000e+00	4.400000e+00	1.553969e+01	-2.882395e+01
out_AVG_nE5_IE4_RE5_WE4_G0_10_spi.509	0.000000e+00	8.000000e+00	1.353470e+01	-2.253144e+01
out_AVG_nE5_IE4_RE5_WE4_G0_10_spi.51	0.000000e+00	0.000000e+00	1.228158e+01	-4.096564e+01
out_AVG_nE5_IE4_RE5_WE4_G0_10_spi.510	0.000000e+00	7.000000e+00	2.355966e+01	-3.024702e+01
out_AVG_nE5_IE4_RE5_WE4_G0_10_spi.511	0.000000e+00	0.000000e+00	1.152971e+01	-3.936488e+01
out_AVG_nE5_IE4_RE5_WE4_G0_10_spi.512	0.000000e+00	1.600000e+00	1.478782e+01	-3.504383e+01
out_AVG_nE5_IE4_RE5_WE4_G0_10_spi.513	0.000000e+00	0.000000e+00	1.002596e+01	-4.515302e+01
out_AVG_nE5_IE4_RE5_WE4_G0_10_spi.514	0.000000e+00	1.230000e+01	2.381029e+01	-2.558111e+01
out_AVG_nE5_IE4_RE5_WE4_G0_10_spi.515	0.000000e+00	2.100000e+00	2.005092e+01	-3.695260e+01
out_AVG_nE5_IE4_RE5_WE4_G0_10_spi.516	0.000000e+00	7.500000e+00	2.080280e+01	-2.787780e+01
out_AVG_nE5_IE4_RE5_WE4_G0_10_spi.517	0.000000e+00	0.000000e+00	9.274090e+00	-5.181769e+01
out_AVG_nE5_IE4_RE5_WE4_G0_10_spi.518	0.000000e+00	0.000000e+00	1.428657e+01	-4.357961e+01
out_AVG_nE5_IE4_RE5_WE4_G0_10_spi.519	0.000000e+00	2.010000e+01	1.904843e+01	-1.928892e+01
out_AVG_nE5_IE4_RE5_WE4_G0_10_spi.52	0.000000e+00	1.620000e+01	2.606590e+01	-2.425966e+01
out_AVG_nE5_IE4_RE5_WE4_G0_10_spi.520	0.000000e+00	1.490000e+01	1.729406e+01	-2.003541e+01
out_AVG_nE5_IE4_RE5_WE4_G0_10_spi.521	0.000000e+00	1.000000e+00	1.052721e+01	-3.185353e+01
out_AVG_nE5_IE4_RE5_WE4_G0_10_spi.522	0.000000e+00	8.000000e+00	1.579032e+01	-2.346109e+01
out_AVG_nE5_IE4_RE5_WE4_G0_10_spi.523	0.000000e+00	4.000000e+00	2.005092e+01	-3.254410e+01
out_AVG_nE5_IE4_RE5_WE4_G0_10_spi.524	0.000000e+00	0.000000e+00	6.767850e+00	-3.172084e+01
out_AVG_nE5_IE4_RE5_WE4_G0_10_spi.525	0.000000e+00	1.130000e+01	1.980030e+01	-2.394939e+01
out_AVG_nE5_IE4_RE5_WE4_G0_10_spi.526	0.000000e+00	1.200000e+00	1.754468e+01	-3.793704e+01
out_AVG_nE5_IE4_RE5_WE4_G0_10_spi.527	0.000000e+00	8.100000e+00	2.155467e+01	-2.740899e+01
out_AVG_nE5_IE4_RE5_WE4_G0_10_spi.528	0.000000e+00	1.600000e+00	1.027659e+01	-2.936790e+01
out_AVG_nE5_IE4_RE5_WE4_G0_10_spi.529	0.000000e+00	1.600000e+00	1.027659e+01	-2.896951e+01
out_AVG_nE5_IE4_RE5_WE4_G0_10_spi.53	0.000000e+00	7.800000e+00	1.604094e+01	-2.469321e+01
out_AVG_nE5_IE4_RE5_WE4_G0_10_spi.530	0.000000e+00	2.440000e+01	3.433650e+01	-2.347944e+01
out_AVG_nE5_IE4_RE5_WE4_G0_10_spi.531	0.000000e+00	1.000000e-01	1.052721e+01	-3.612752e+01
out_AVG_nE5_IE4_RE5_WE4_G0_10_spi.532	0.000000e+00	2.000000e-01	1.654219e+01	-4.153641e+01
out_AVG_nE5_IE4_RE5_WE4_G0_10_spi.533	0.000000e+00	1.200000e+00	2.080280e+01	-4.020369e+01
out_AVG_nE5_IE4_RE5_WE4_G0_10_spi.534	0.000000e+00	4.070000e+01	1.754468e+01	-1.282772e+01
out_AVG_nE5_IE4_RE5_WE4_G0_10_spi.535	0.000000e+00	2.500000e+00	1.203095e+01	-3.003424e+01
out_AVG_nE5_IE4_RE5_WE4_G0_10_spi.536	0.000000e+00	1.230000e+01	2.005092e+01	-2.389013e+01
out_AVG_nE5_IE4_RE5_WE4_G0_10_spi.537	0.000000e+00	2.500000e+00	1.102846e+01	-2.803818e+01
out_AVG_nE5_IE4_RE5_WE4_G0_10_spi.538	0.000000e+00	0.000000e+00	1.403595e+01	-4.616409e+01
out_AVG_nE5_IE4_RE5_WE4_G0_10_spi.539	0.000000e+00	0.000000e+00	8.271594e+00	-4.007854e+01
out_AVG_nE5_IE4_RE5_WE4_G0_10_spi.54	0.000000e+00	8.110000e+01	9.172941e+01	-2.231517e+01
out_AVG_nE5_IE4_RE5_WE4_G0_10_spi.540	0.000000e+00	7.600000e+00	1.052721e+01	-2.060703e+01
out_AVG_nE5_IE4_RE5_WE4_G0_10_spi.541	0.000000e+00	2.500000e+00	1.879780e+01	-3.471991e+01
out_AVG_nE5_IE4_RE5_WE4_G0_10_spi.542	0.000000e+00	0.000000e+00	1.378532e+01	-6.190507e+01
out_AVG_nE5_IE4_RE5_WE4_G0_10_spi.543	0.000000e+00	8.600000e+00	2.255717e+01	-2.822758e+01
out_AVG_nE5_IE4_RE5_WE4_G0_10_spi.544	0.000000e+00	9.910000e+01	5.739391e+01	-1.515853e+01
out_AVG_nE5_IE4_RE5_WE4_G0_10_spi.545	0.000000e+00	0.000000e+00	1.228158e+01	-4.209712e+01
out_AVG_nE5_IE4_RE5_WE4_G0_10_spi.546	0.000000e+00	1.050000e+01	1.253220e+01	-1.969365e+01
out_AVG_nE5_IE4_RE5_WE4_G0_10_spi.547	0.000000e+00	0.000000e+00	1.278283e+01	-4.214113e+01
out_AVG_nE5_IE4_RE5_WE4_G0_10_spi.548	0.000000e+00	0.000000e+00	1.378532e+01	-4.329235e+01
out_AVG_nE5_IE4_RE5_WE4_G0_10_spi.549	0.000000e+00	3.600000e+00	1.604094e+01	-3.001670e+01
out_AVG_nE5_IE4_RE5_WE4_G0_10_spi.55	0.000000e+00	9.300000e+00	2.030155e+01	-2.544202e+01
out_AVG_nE5_IE4_RE5_WE4_G0_10_spi.550	0.000000e+00	0.000000e+00	1.604094e+01	-4.606994e+01
out_AVG_nE5_IE4_RE5_WE4_G0_10_spi.551	0.000000e+00	7.000000e+00	1.704344e+01	-2.684903e+01
out_AVG_nE5_IE4_RE5_WE4_G0_10_spi.552	0.000000e+00	9.770000e+01	6.842137e+01	-1.605626e+01
out_AVG_nE5_IE4_RE5_WE4_G0_10_spi.553	0.000000e+00	0.000000e+00	1.503844e+01	-5.078181e+01
out_AVG_nE5_IE4_RE5_WE4_G0_10_spi.554	0.000000e+00	1.750000e+01	2.230654e+01	-2.179167e+01
out_AVG_nE5_IE4_RE5_WE4_G0_10_spi.555	0.000000e+00	0.000000e+00	1.102846e+01	-4.036666e+01
out_AVG_nE5_IE4_RE5_WE4_G0_10_spi.556	0.000000e+00	2.500000e+00	7.770346e+00	-2.337581e+01
out_AVG_nE5_IE4_RE5_WE4_G0_10_spi.557	0.000000e+00	1.340000e+01	3.308338e+01	-2.832932e+01
out_AVG_nE5_IE4_RE5_WE4_G0_10_spi.558	0.000000e+00	2.000000e-01	9.775338e+00	-3.423267e+01
out_AVG_nE5_IE4_RE5_WE4_G0_10_spi.559	0.000000e+00	6.600000e+00	1.102846e+01	-2.149354e+01
out_AVG_nE5_IE4_RE5_WE4_G0_10_spi.56	0.000000e+00	7.300000e+00	1.027659e+01	-2.043110e+01
out_AVG_nE5_IE4_RE5_WE4_G0_10_spi.560	0.000000e+00	1.930000e+01	4.761957e+01	-2.975656e+01
out_AVG_nE5_IE4_RE5_WE4_G0_10_spi.561	0.000000e+00	0.000000e+00	1.253220e+01	-4.665289e+01
out_AVG_nE5_IE4_RE5_WE4_G0_10_spi.562	0.000000e+00	0.000000e+00	1.127908e+01	-4.571587e+01
out_AVG_nE5_IE4_RE5_WE4_G0_10_spi.563	0.000000e+00	5.000000e-01	7.519722e+00	-2.955017e+01
out_AVG_nE5_IE4_RE5_WE4_G0_10_spi.564	0.000000e+00	0.000000e+00	1.428657e+01	-5.648292e+01
out_AVG_nE5_IE4_RE5_WE4_G0_10_spi.565	0.000000e+00	0.000000e+00	1.328408e+01	-6.478313e+01
out_AVG_nE5_IE4_RE5_WE4_G0_10_spi.566	0.000000e+00	0.000000e+00	1.027659e+01	-3.818588e+01
out_AVG_nE5_IE4_RE5_WE4_G0_10_spi.567	0.000000e+00	2.800000e+00	1.077783e+01	-2.704486e+01
out_AVG_nE5_IE4_RE5_WE4_G0_10_spi.568	0.000000e+00	1.100000e+00	1.228158e+01	-3.374040e+01
out_AVG_nE5_IE4_RE5_WE4_G0_10_spi.569	0.000000e+00	2.510000e+01	7.669196e+01	-3.225308e+01
out_AVG_nE5_IE4_RE5_WE4_G0_10_spi.57	0.000000e+00	1.000000e-01	8.271594e+00	-3.379765e+01
out_AVG_nE5_IE4_RE5_WE4_G0_10_spi.570	0.000000e+00	6.000000e-01	7.770346e+00	-3.029982e+01
out_AVG_nE5_IE4_RE5_WE4_G0_10_spi.571	0.000000e+00	0.000000e+00	1.002596e+01	-3.928121e+01
out_AVG_nE5_IE4_RE5_WE4_G0_10_spi.572	0.000000e+00	4.500000e+00	1.253220e+01	-2.603576e+01
out_AVG_nE5_IE4_RE5_WE4_G0_10_spi.573	0.000000e+00	1.120000e+01	2.431153e+01	-2.644059e+01
out_AVG_nE5_IE4_RE5_WE4_G0_10_spi.574	0.000000e+00	5.500000e+00	2.406091e+01	-3.226995e+01
out_AVG_nE5_IE4_RE5_WE4_G0_10_spi.575	0.000000e+00	1.000000e-01	1.178033e+01	-3.958234e+01
out_AVG_nE5_IE4_RE5_WE4_G0_10_spi.576	0.000000e+00	4.140000e+01	4.335896e+01	-2.070142e+01
out_AVG_nE5_IE4_RE5_WE4_G0_10_spi.577	0.000000e+00	2.000000e-01	1.002596e+01	-3.484215e+01
out_AVG_nE5_IE4_RE5_WE4_G0_10_spi.578	0.000000e+00	2.160000e+01	4.160459e+01	-2.680665e+01
out_AVG_nE5_IE4_RE5_WE4_G0_10_spi.579	0.000000e+00	7.800000e+00	1.829656e+01	-2.665566e+01
out_AVG_nE5_IE4_RE5_WE4_G0_10_spi.58	0.000000e+00	3.000000e-01	1.002596e+01	-3.469135e+01
out_AVG_nE5_IE4_RE5_WE4_G0_10_spi.580	0.000000e+00	5.600000e+00	1.528907e+01	-2.630152e+01
out_AVG_nE5_IE4_RE5_WE4_G0_10_spi.581	0.000000e+00	1.000000e-01	1.403595e+01	-4.036414e+01
out_AVG_nE5_IE4_RE5_WE4_G0_10_spi.582	0.000000e+00	1.140000e+01	2.005092e+01	-2.435101e+01
out_AVG_nE5_IE4_RE5_WE4_G0_10_spi.583	0.000000e+00	1.540000e+01	3.358462e+01	-2.767388e+01
out_AVG_nE5_IE4_RE5_WE4_G0_10_spi.584	0.000000e+00	1.000000e+00	1.002596e+01	-3.139781e+01
out_AVG_nE5_IE4_RE5_WE4_G0_10_spi.585	0.000000e+00	2.340000e+01	2.205592e+01	-1.923258e+01
out_AVG_nE5_IE4_RE5_WE4_G0_10_spi.586	0.000000e+00	5.000000e+00	1.729406e+01	-2.875629e+01
out_AVG_nE5_IE4_RE5_WE4_G0_10_spi.587	0.000000e+00	1.600000e+00	1.503844e+01	-3.437194e+01
out_AVG_nE5_IE4_RE5_WE4_G0_10_spi.588	0.000000e+00	0.000000e+00	1.253220e+01	-4.322502e+01
out_AVG_nE5_IE4_RE5_WE4_G0_10_spi.589	0.000000e+00	1.000000e-01	9.775338e+00	-3.573167e+01
out_AVG_nE5_IE4_RE5_WE4_G0_10_spi.59	0.000000e+00	1.490000e+01	2.957464e+01	-2.644868e+01
out_AVG_nE5_IE4_RE5_WE4_G0_10_spi.590	0.000000e+00	0.000000e+00	1.378532e+01	-6.477256e+01
out_AVG_nE5_IE4_RE5_WE4_G0_10_spi.591	0.000000e+00	1.200000e+00	1.328408e+01	-3.363666e+01
out_AVG_nE5_IE4_RE5_WE4_G0_10_spi.592	0.000000e+00	1.100000e+00	8.522218e+00	-2.841241e+01
out_AVG_nE5_IE4_RE5_WE4_G0_10_spi.593	0.000000e+00	3.000000e-01	8.772842e+00	-3.356625e+01
out_AVG_nE5_IE4_RE5_WE4_G0_10_spi.594	0.000000e+00	2.600000e+00	1.102846e+01	-2.773892e+01
out_AVG_nE5_IE4_RE5_WE4_G0_10_spi.595	0.000000e+00	0.000000e+00	6.767850e+00	-3.415279e+01
out_AVG_nE5_IE4_RE5_WE4_G0_10_spi.596	0.000000e+00	2.830000e+01	3.107838e+01	-2.033677e+01
out_AVG_nE5_IE4_RE5_WE4_G0_10_spi.597	0.000000e+00	3.600000e+00	1.077783e+01	-2.637771e+01
out_AVG_nE5_IE4_RE5_WE4_G0_10_spi.598	0.000000e+00	9.950000e+01	8.245632e+01	-1.652796e+01
out_AVG_nE5_IE4_RE5_WE4_G0_10_spi.599	0.000000e+00	2.800000e+00	1.804593e+01	-3.410814e+01
out_AVG_nE5_IE4_RE5_WE4_G0_10_spi.6	0.000000e+00	2.010000e+01	2.230654e+01	-2.013816e+01
out_AVG_nE5_IE4_RE5_WE4_G0_10_spi.60	0.000000e+00	0.000000e+00	1.152971e+01	-4.645632e+01
out_AVG_nE5_IE4_RE5_WE4_G0_10_spi.600	0.000000e+00	2.290000e+01	3.934898e+01	-2.605154e+01
out_AVG_nE5_IE4_RE5_WE4_G0_10_spi.601	0.000000e+00	1.700000e+00	9.524714e+00	-2.797859e+01
out_AVG_nE5_IE4_RE5_WE4_G0_10_spi.602	0.000000e+00	3.180000e+01	4.110335e+01	-2.270284e+01
out_AVG_nE5_IE4_RE5_WE4_G0_10_spi.603	0.000000e+00	2.200000e+00	1.553969e+01	-3.281887e+01
out_AVG_nE5_IE4_RE5_WE4_G0_10_spi.604	0.000000e+00	0.000000e+00	9.775338e+00	-4.051662e+01
out_AVG_nE5_IE4_RE5_WE4_G0_10_spi.605	0.000000e+00	6.000000e+00	2.280779e+01	-3.018396e+01
out_AVG_nE5_IE4_RE5_WE4_G0_10_spi.606	0.000000e+00	2.400000e+00	1.629156e+01	-3.334565e+01
out_AVG_nE5_IE4_RE5_WE4_G0_10_spi.607	0.000000e+00	8.400000e+00	1.604094e+01	-2.464608e+01
out_AVG_nE5_IE4_RE5_WE4_G0_10_spi.608	0.000000e+00	6.700000e+00	1.253220e+01	-2.293840e+01
out_AVG_nE5_IE4_RE5_WE4_G0_10_spi.609	0.000000e+00	1.000000e-01	2.381029e+01	-5.260280e+01
out_AVG_nE5_IE4_RE5_WE4_G0_10_spi.61	0.000000e+00	0.000000e+00	1.178033e+01	-5.145699e+01
out_AVG_nE5_IE4_RE5_WE4_G0_10_spi.610	0.000000e+00	7.300000e+00	1.478782e+01	-2.425765e+01
out_AVG_nE5_IE4_RE5_WE4_G0_10_spi.611	0.000000e+00	0.000000e+00	1.328408e+01	-5.386111e+01
out_AVG_nE5_IE4_RE5_WE4_G0_10_spi.612	0.000000e+00	2.000000e+00	8.772842e+00	-2.636232e+01
out_AVG_nE5_IE4_RE5_WE4_G0_10_spi.613	0.000000e+00	0.000000e+00	1.152971e+01	-4.281674e+01
out_AVG_nE5_IE4_RE5_WE4_G0_10_spi.614	0.000000e+00	3.200000e+00	1.453720e+01	-2.969770e+01
out_AVG_nE5_IE4_RE5_WE4_G0_10_spi.615	0.000000e+00	6.000000e-01	1.478782e+01	-3.849921e+01
out_AVG_nE5_IE4_RE5_WE4_G0_10_spi.616	0.000000e+00	1.000000e-01	1.077783e+01	-3.675656e+01
out_AVG_nE5_IE4_RE5_WE4_G0_10_spi.617	0.000000e+00	1.620000e+01	2.305841e+01	-2.258313e+01
out_AVG_nE5_IE4_RE5_WE4_G0_10_spi.618	0.000000e+00	9.760000e+01	7.218073e+01	-1.621968e+01
out_AVG_nE5_IE4_RE5_WE4_G0_10_spi.619	0.000000e+00	2.270000e+01	2.355966e+01	-1.986577e+01
out_AVG_nE5_IE4_RE5_WE4_G0_10_spi.62	0.000000e+00	1.000000e+00	1.328408e+01	-3.504402e+01
out_AVG_nE5_IE4_RE5_WE4_G0_10_spi.620	0.000000e+00	7.000000e-01	7.770346e+00	-2.855071e+01
out_AVG_nE5_IE4_RE5_WE4_G0_10_spi.621	0.000000e+00	0.000000e+00	1.679281e+01	-4.574179e+01
out_AVG_nE5_IE4_RE5_WE4_G0_10_spi.622	0.000000e+00	2.050000e+01	3.809586e+01	-2.658627e+01
out_AVG_nE5_IE4_RE5_WE4_G0_10_spi.623	0.000000e+00	3.800000e+00	1.528907e+01	-2.910311e+01
out_AVG_nE5_IE4_RE5_WE4_G0_10_spi.624	0.000000e+00	1.000000e-01	1.804593e+01	-4.441534e+01
out_AVG_nE5_IE4_RE5_WE4_G0_10_spi.625	0.000000e+00	9.200000e+00	1.528907e+01	-2.328559e+01
out_AVG_nE5_IE4_RE5_WE4_G0_10_spi.626	0.000000e+00	1.800000e+00	1.879780e+01	-3.599714e+01
out_AVG_nE5_IE4_RE5_WE4_G0_10_spi.627	0.000000e+00	5.700000e+00	3.734398e+01	-3.815572e+01
out_AVG_nE5_IE4_RE5_WE4_G0_10_spi.628	0.000000e+00	0.000000e+00	1.503844e+01	-4.891947e+01
out_AVG_nE5_IE4_RE5_WE4_G0_10_spi.629	0.000000e+00	1.400000e+00	1.228158e+01	-3.275007e+01
out_AVG_nE5_IE4_RE5_WE4_G0_10_spi.63	0.000000e+00	3.010000e+01	4.686770e+01	-2.502291e+01
out_AVG_nE5_IE4_RE5_WE4_G0_10_spi.630	0.000000e+00	2.000000e-01	1.102846e+01	-3.687311e+01
out_AVG_nE5_IE4_RE5_WE4_G0_10_spi.631	0.000000e+00	1.120000e+01	9.023466e+00	-1.693963e+01
out_AVG_nE5_IE4_RE5_WE4_G0_10_spi.632	0.000000e+00	1.600000e+00	2.180529e+01	-3.898892e+01
out_AVG_nE5_IE4_RE5_WE4_G0_10_spi.633	0.000000e+00	0.000000e+00	1.077783e+01	-4.194938e+01
out_AVG_nE5_IE4_RE5_WE4_G0_10_spi.634	0.000000e+00	2.940000e+01	2.957464e+01	-2.027649e+01
out_AVG_nE5_IE4_RE5_WE4_G0_10_spi.635	0.000000e+00	1.000000e-01	9.775338e+00	-3.608226e+01
out_AVG_nE5_IE4_RE5_WE4_G0_10_spi.636	0.000000e+00	0.000000e+00	5.514729e+00	-2.932804e+01
out_AVG_nE5_IE4_RE5_WE4_G0_10_spi.637	0.000000e+00	1.000000e-01	6.266602e+00	-3.045984e+01
out_AVG_nE5_IE4_RE5_WE4_G0_10_spi.638	0.000000e+00	2.400000e+00	1.854718e+01	-3.469229e+01
out_AVG_nE5_IE4_RE5_WE4_G0_10_spi.639	0.000000e+00	0.000000e+00	1.403595e+01	-4.927288e+01
out_AVG_nE5_IE4_RE5_WE4_G0_10_spi.64	0.000000e+00	6.000000e+00	1.829656e+01	-2.790069e+01
out_AVG_nE5_IE4_RE5_WE4_G0_10_spi.640	0.000000e+00	2.000000e+00	1.804593e+01	-3.576603e+01
out_AVG_nE5_IE4_RE5_WE4_G0_10_spi.641	0.000000e+00	0.000000e+00	1.729406e+01	-5.283208e+01
out_AVG_nE5_IE4_RE5_WE4_G0_10_spi.642	0.000000e+00	6.970000e+01	5.313330e+01	-1.825586e+01
out_AVG_nE5_IE4_RE5_WE4_G0_10_spi.643	0.000000e+00	0.000000e+00	1.278283e+01	-4.022651e+01
out_AVG_nE5_IE4_RE5_WE4_G0_10_spi.644	0.000000e+00	9.850000e+01	9.924813e+01	-2.009014e+01
out_AVG_nE5_IE4_RE5_WE4_G0_10_spi.645	0.000000e+00	3.500000e+00	1.754468e+01	-3.162211e+01
out_AVG_nE5_IE4_RE5_WE4_G0_10_spi.646	0.000000e+00	1.880000e+01	3.759461e+01	-2.656365e+01
out_AVG_nE5_IE4_RE5_WE4_G0_10_spi.647	0.000000e+00	6.750000e+01	2.155467e+01	-1.225478e+01
out_AVG_nE5_IE4_RE5_WE4_G0_10_spi.648	0.000000e+00	5.600000e+00	3.057714e+01	-3.556939e+01
out_AVG_nE5_IE4_RE5_WE4_G0_10_spi.649	0.000000e+00	3.720000e+01	4.661708e+01	-2.237042e+01
out_AVG_nE5_IE4_RE5_WE4_G0_10_spi.65	0.000000e+00	2.680000e+01	4.335896e+01	-2.493036e+01
out_AVG_nE5_IE4_RE5_WE4_G0_10_spi.650	0.000000e+00	3.800000e+00	1.102846e+01	-2.584033e+01
out_AVG_nE5_IE4_RE5_WE4_G0_10_spi.651	0.000000e+00	2.440000e+01	3.884773e+01	-2.489644e+01
out_AVG_nE5_IE4_RE5_WE4_G0_10_spi.652	0.000000e+00	1.780000e+01	5.538892e+01	-3.258133e+01
out_AVG_nE5_IE4_RE5_WE4_G0_10_spi.653	0.000000e+00	3.400000e+00	1.980030e+01	-3.425935e+01
out_AVG_nE5_IE4_RE5_WE4_G0_10_spi.654	0.000000e+00	6.800000e+01	1.000000e+02	-2.213574e+01
out_AVG_nE5_IE4_RE5_WE4_G0_10_spi.655	0.000000e+00	0.000000e+00	1.679281e+01	-5.105444e+01
out_AVG_nE5_IE4_RE5_WE4_G0_10_spi.656	0.000000e+00	1.200000e+01	2.230654e+01	-2.499976e+01
out_AVG_nE5_IE4_RE5_WE4_G0_10_spi.657	0.000000e+00	0.000000e+00	1.303345e+01	-5.669390e+01
out_AVG_nE5_IE4_RE5_WE4_G0_10_spi.658	0.000000e+00	0.000000e+00	1.228158e+01	-5.798284e+01
out_AVG_nE5_IE4_RE5_WE4_G0_10_spi.659	0.000000e+00	1.000000e-01	1.203095e+01	-3.939752e+01
out_AVG_nE5_IE4_RE5_WE4_G0_10_spi.66	0.000000e+00	1.300000e+01	1.779531e+01	-2.143949e+01
out_AVG_nE5_IE4_RE5_WE4_G0_10_spi.660	0.000000e+00	0.000000e+00	1.729406e+01	-4.464444e+01
out_AVG_nE5_IE4_RE5_WE4_G0_10_spi.661	0.000000e+00	1.540000e+01	2.556465e+01	-2.386185e+01
out_AVG_nE5_IE4_RE5_WE4_G0_10_spi.662	0.000000e+00	0.000000e+00	1.328408e+01	-4.313939e+01
out_AVG_nE5_IE4_RE5_WE4_G0_10_spi.663	0.000000e+00	1.370000e+01	6.741887e+01	-3.766006e+01
out_AVG_nE5_IE4_RE5_WE4_G0_10_spi.664	0.000000e+00	0.000000e+00	1.403595e+01	-5.416275e+01
out_AVG_nE5_IE4_RE5_WE4_G0_10_spi.665	0.000000e+00	0.000000e+00	7.269098e+00	-3.526637e+01
out_AVG_nE5_IE4_RE5_WE4_G0_10_spi.666	0.000000e+00	0.000000e+00	1.478782e+01	-5.434647e+01
out_AVG_nE5_IE4_RE5_WE4_G0_10_spi.667	0.000000e+00	0.000000e+00	1.704344e+01	-5.985372e+01
out_AVG_nE5_IE4_RE5_WE4_G0_10_spi.668	0.000000e+00	6.000000e+00	4.010085e+01	-3.869239e+01
out_AVG_nE5_IE4_RE5_WE4_G0_10_spi.669	0.000000e+00	1.070000e+01	1.002596e+01	-1.762994e+01
out_AVG_nE5_IE4_RE5_WE4_G0_10_spi.67	0.000000e+00	1.620000e+01	2.907339e+01	-2.540750e+01
out_AVG_nE5_IE4_RE5_WE4_G0_10_spi.670	0.000000e+00	2.830000e+01	2.230654e+01	-1.792652e+01
out_AVG_nE5_IE4_RE5_WE4_G0_10_spi.671	0.000000e+00	1.600000e+00	1.604094e+01	-3.597797e+01
out_AVG_nE5_IE4_RE5_WE4_G0_10_spi.672	0.000000e+00	1.000000e+00	1.353470e+01	-3.461871e+01
out_AVG_nE5_IE4_RE5_WE4_G0_10_spi.673	0.000000e+00	3.000000e-01	1.453720e+01	-4.045436e+01
out_AVG_nE5_IE4_RE5_WE4_G0_10_spi.674	0.000000e+00	9.990000e+01	5.764453e+01	-1.461341e+01
out_AVG_nE5_IE4_RE5_WE4_G0_10_spi.675	0.000000e+00	0.000000e+00	1.002596e+01	-3.813377e+01
out_AVG_nE5_IE4_RE5_WE4_G0_10_spi.676	0.000000e+00	3.500000e+01	5.488767e+01	-2.503178e+01
out_AVG_nE5_IE4_RE5_WE4_G0_10_spi.677	0.000000e+00	9.000000e-01	1.253220e+01	-3.458168e+01
out_AVG_nE5_IE4_RE5_WE4_G0_10_spi.678	0.000000e+00	8.300000e+00	1.127908e+01	-2.043942e+01
out_AVG_nE5_IE4_RE5_WE4_G0_10_spi.679	0.000000e+00	0.000000e+00	1.779531e+01	-7.644026e+01
out_AVG_nE5_IE4_RE5_WE4_G0_10_spi.68	0.000000e+00	1.070000e+01	1.579032e+01	-2.163346e+01
out_AVG_nE5_IE4_RE5_WE4_G0_10_spi.680	0.000000e+00	2.000000e-01	8.020970e+00	-3.242185e+01
out_AVG_nE5_IE4_RE5_WE4_G0_10_spi.681	0.000000e+00	2.000000e+00	8.772842e+00	-2.587514e+01
out_AVG_nE5_IE4_RE5_WE4_G0_10_spi.682	0.000000e+00	1.600000e+00	8.020970e+00	-2.589829e+01
out_AVG_nE5_IE4_RE5_WE4_G0_10_spi.683	0.000000e+00	7.000000e-01	1.027659e+01	-3.240285e+01
out_AVG_nE5_IE4_RE5_WE4_G0_10_spi.684	0.000000e+00	0.000000e+00	1.077783e+01	-4.167727e+01
out_AVG_nE5_IE4_RE5_WE4_G0_10_spi.685	0.000000e+00	1.490000e+01	2.456216e+01	-2.335374e+01
out_AVG_nE5_IE4_RE5_WE4_G0_10_spi.686	0.000000e+00	0.000000e+00	1.102846e+01	-5.051292e+01
out_AVG_nE5_IE4_RE5_WE4_G0_10_spi.687	0.000000e+00	6.700000e+00	1.854718e+01	-2.740584e+01
out_AVG_nE5_IE4_RE5_WE4_G0_10_spi.688	0.000000e+00	1.250000e+01	1.804593e+01	-2.226854e+01
out_AVG_nE5_IE4_RE5_WE4_G0_10_spi.689	0.000000e+00	0.000000e+00	1.152971e+01	-4.299886e+01
out_AVG_nE5_IE4_RE5_WE4_G0_10_spi.69	0.000000e+00	1.200000e+00	1.127908e+01	-3.249339e+01
out_AVG_nE5_IE4_RE5_WE4_G0_10_spi.690	0.000000e+00	3.900000e+01	4.210584e+01	-2.154201e+01
out_AVG_nE5_IE4_RE5_WE4_G0_10_spi.691	0.000000e+00	1.000000e+00	1.804593e+01	-3.886957e+01
out_AVG_nE5_IE4_RE5_WE4_G0_10_spi.692	0.000000e+00	2.000000e-01	1.378532e+01	-4.043795e+01
out_AVG_nE5_IE4_RE5_WE4_G0_10_spi.693	0.000000e+00	0.000000e+00	1.729406e+01	-5.736147e+01
out_AVG_nE5_IE4_RE5_WE4_G0_10_spi.694	0.000000e+00	1.700000e+01	3.508837e+01	-2.734337e+01
out_AVG_nE5_IE4_RE5_WE4_G0_10_spi.695	0.000000e+00	2.000000e-01	1.152971e+01	-3.830803e+01
out_AVG_nE5_IE4_RE5_WE4_G0_10_spi.696	0.000000e+00	1.580000e+01	1.929905e+01	-2.064676e+01
out_AVG_nE5_IE4_RE5_WE4_G0_10_spi.697	0.000000e+00	4.200000e+00	1.980030e+01	-3.230471e+01
out_AVG_nE5_IE4_RE5_WE4_G0_10_spi.698	0.000000e+00	2.400000e+00	1.553969e+01	-3.246226e+01
out_AVG_nE5_IE4_RE5_WE4_G0_10_spi.699	0.000000e+00	3.200000e+00	1.503844e+01	-3.033892e+01
out_AVG_nE5_IE4_RE5_WE4_G0_10_spi.7	0.000000e+00	0.000000e+00	1.629156e+01	-5.365340e+01
out_AVG_nE5_IE4_RE5_WE4_G0_10_spi.70	0.000000e+00	3.100000e+00	1.102846e+01	-2.707369e+01
out_AVG_nE5_IE4_RE5_WE4_G0_10_spi.700	0.000000e+00	5.500000e+00	1.428657e+01	-2.576196e+01
out_AVG_nE5_IE4_RE5_WE4_G0_10_spi.701	0.000000e+00	0.000000e+00	1.503844e+01	-5.230991e+01
out_AVG_nE5_IE4_RE5_WE4_G0_10_spi.702	0.000000e+00	5.000000e-01	7.770346e+00	-2.983076e+01
out_AVG_nE5_IE4_RE5_WE4_G0_10_spi.703	0.000000e+00	0.000000e+00	8.772842e+00	-3.772393e+01
out_AVG_nE5_IE4_RE5_WE4_G0_10_spi.704	0.000000e+00	0.000000e+00	1.553969e+01	-7.033590e+01
out_AVG_nE5_IE4_RE5_WE4_G0_10_spi.705	0.000000e+00	1.000000e-01	8.772842e+00	-3.593572e+01
out_AVG_nE5_IE4_RE5_WE4_G0_10_spi.706	0.000000e+00	0.000000e+00	1.253220e+01	-4.392056e+01
out_AVG_nE5_IE4_RE5_WE4_G0_10_spi.707	0.000000e+00	3.700000e+00	1.528907e+01	-2.965694e+01
out_AVG_nE5_IE4_RE5_WE4_G0_10_spi.708	0.000000e+00	9.500000e+00	2.581528e+01	-2.816146e+01
out_AVG_nE5_IE4_RE5_WE4_G0_10_spi.709	0.000000e+00	0.000000e+00	7.018474e+00	-3.835598e+01
out_AVG_nE5_IE4_RE5_WE4_G0_10_spi.71	0.000000e+00	3.300000e+00	9.775338e+00	-2.464309e+01
out_AVG_nE5_IE4_RE5_WE4_G0_10_spi.710	0.000000e+00	0.000000e+00	9.023466e+00	-4.072922e+01
out_AVG_nE5_IE4_RE5_WE4_G0_10_spi.711	0.000000e+00	0.000000e+00	1.654219e+01	-6.517305e+01
out_AVG_nE5_IE4_RE5_WE4_G0_10_spi.712	0.000000e+00	9.990000e+01	6.541388e+01	-1.489355e+01
out_AVG_nE5_IE4_RE5_WE4_G0_10_spi.713	0.000000e+00	0.000000e+00	1.779531e+01	-4.770045e+01
out_AVG_nE5_IE4_RE5_WE4_G0_10_spi.714	0.000000e+00	2.400000e+00	1.052721e+01	-2.696414e+01
out_AVG_nE5_IE4_RE5_WE4_G0_10_spi.715	0.000000e+00	0.000000e+00	7.269098e+00	-3.865582e+01
out_AVG_nE5_IE4_RE5_WE4_G0_10_spi.716	0.000000e+00	0.000000e+00	1.353470e+01	-4.294476e+01
out_AVG_nE5_IE4_RE5_WE4_G0_10_spi.717	0.000000e+00	3.220000e+01	2.280779e+01	-1.685918e+01
out_AVG_nE5_IE4_RE5_WE4_G0_10_spi.718	0.000000e+00	0.000000e+00	1.127908e+01	-4.131588e+01
out_AVG_nE5_IE4_RE5_WE4_G0_10_spi.719	0.000000e+00	0.000000e+00	9.274090e+00	-3.582698e+01
out_AVG_nE5_IE4_RE5_WE4_G0_10_spi.72	0.000000e+00	0.000000e+00	8.271594e+00	-3.528663e+01
out_AVG_nE5_IE4_RE5_WE4_G0_10_spi.720	0.000000e+00	4.240000e+01	5.338392e+01	-2.293353e+01
out_AVG_nE5_IE4_RE5_WE4_G0_10_spi.721	0.000000e+00	5.000000e-01	1.804593e+01	-4.161306e+01
out_AVG_nE5_IE4_RE5_WE4_G0_10_spi.722	0.000000e+00	2.010000e+01	1.804593e+01	-1.889479e+01
out_AVG_nE5_IE4_RE5_WE4_G0_10_spi.723	0.000000e+00	2.000000e+00	9.274090e+00	-2.698270e+01
out_AVG_nE5_IE4_RE5_WE4_G0_10_spi.724	0.000000e+00	2.700000e+00	1.353470e+01	-3.020511e+01
out_AVG_nE5_IE4_RE5_WE4_G0_10_spi.725	0.000000e+00	8.300000e+01	5.513829e+01	-1.750991e+01
out_AVG_nE5_IE4_RE5_WE4_G0_10_spi.726	0.000000e+00	7.000000e+00	2.205592e+01	-2.978118e+01
out_AVG_nE5_IE4_RE5_WE4_G0_10_spi.727	0.000000e+00	2.060000e+01	2.330904e+01	-2.093759e+01
out_AVG_nE5_IE4_RE5_WE4_G0_10_spi.728	0.000000e+00	1.400000e+00	1.879780e+01	-3.880077e+01
out_AVG_nE5_IE4_RE5_WE4_G0_10_spi.729	0.000000e+00	7.000000e-01	1.604094e+01	-3.902970e+01
out_AVG_nE5_IE4_RE5_WE4_G0_10_spi.73	0.000000e+00	5.800000e+00	1.654219e+01	-2.690101e+01
out_AVG_nE5_IE4_RE5_WE4_G0_10_spi.730	0.000000e+00	9.100000e+00	1.779531e+01	-2.421551e+01
out_AVG_nE5_IE4_RE5_WE4_G0_10_spi.731	0.000000e+00	1.480000e+01	2.506341e+01	-2.414398e+01
out_AVG_nE5_IE4_RE5_WE4_G0_10_spi.732	0.000000e+00	0.000000e+00	8.772842e+00	-4.055954e+01
out_AVG_nE5_IE4_RE5_WE4_G0_10_spi.733	0.000000e+00	0.000000e+00	1.729406e+01	-4.523391e+01
out_AVG_nE5_IE4_RE5_WE4_G0_10_spi.734	0.000000e+00	0.000000e+00	1.604094e+01	-6.222003e+01
out_AVG_nE5_IE4_RE5_WE4_G0_10_spi.735	0.000000e+00	2.410000e+01	2.681777e+01	-2.102297e+01
out_AVG_nE5_IE4_RE5_WE4_G0_10_spi.736	0.000000e+00	1.460000e+01	2.280779e+01	-2.297195e+01
out_AVG_nE5_IE4_RE5_WE4_G0_10_spi.737	0.000000e+00	3.700000e+00	1.904843e+01	-3.307617e+01
out_AVG_nE5_IE4_RE5_WE4_G0_10_spi.738	0.000000e+00	5.600000e+00	1.929905e+01	-2.962658e+01
out_AVG_nE5_IE4_RE5_WE4_G0_10_spi.739	0.000000e+00	1.350000e+01	2.706840e+01	-2.635943e+01
out_AVG_nE5_IE4_RE5_WE4_G0_10_spi.74	0.000000e+00	5.600000e+00	4.160459e+01	-3.966847e+01
out_AVG_nE5_IE4_RE5_WE4_G0_10_spi.740	0.000000e+00	0.000000e+00	1.027659e+01	-3.940129e+01
out_AVG_nE5_IE4_RE5_WE4_G0_10_spi.741	0.000000e+00	7.000000e+00	1.453720e+01	-2.361663e+01
out_AVG_nE5_IE4_RE5_WE4_G0_10_spi.742	0.000000e+00	4.940000e+01	9.147878e+01	-2.753602e+01
out_AVG_nE5_IE4_RE5_WE4_G0_10_spi.743	0.000000e+00	0.000000e+00	9.524714e+00	-3.794534e+01
out_AVG_nE5_IE4_RE5_WE4_G0_10_spi.744	0.000000e+00	2.500000e+00	1.879780e+01	-3.511464e+01
out_AVG_nE5_IE4_RE5_WE4_G0_10_spi.745	0.000000e+00	3.500000e+00	1.829656e+01	-3.175889e+01
out_AVG_nE5_IE4_RE5_WE4_G0_10_spi.746	0.000000e+00	1.290000e+01	3.057714e+01	-2.853775e+01
out_AVG_nE5_IE4_RE5_WE4_G0_10_spi.747	0.000000e+00	0.000000e+00	1.629156e+01	-6.966637e+01
out_AVG_nE5_IE4_RE5_WE4_G0_10_spi.748	0.000000e+00	5.100000e+00	2.731902e+01	-3.551593e+01
out_AVG_nE5_IE4_RE5_WE4_G0_10_spi.749	0.000000e+00	5.000000e-01	1.052721e+01	-3.426099e+01
out_AVG_nE5_IE4_RE5_WE4_G0_10_spi.75	0.000000e+00	1.800000e+00	1.428657e+01	-3.365637e+01
out_AVG_nE5_IE4_RE5_WE4_G0_10_spi.750	0.000000e+00	1.700000e+00	6.517226e+00	-2.334298e+01
out_AVG_nE5_IE4_RE5_WE4_G0_10_spi.751	0.000000e+00	4.000000e-01	6.767850e+00	-2.861617e+01
out_AVG_nE5_IE4_RE5_WE4_G0_10_spi.752	0.000000e+00	0.000000e+00	9.524714e+00	-3.593632e+01
out_AVG_nE5_IE4_RE5_WE4_G0_10_spi.753	0.000000e+00	3.000000e-01	1.077783e+01	-3.591331e+01
out_AVG_nE5_IE4_RE5_WE4_G0_10_spi.754	0.000000e+00	4.500000e+00	1.604094e+01	-2.866011e+01
out_AVG_nE5_IE4_RE5_WE4_G0_10_spi.755	0.000000e+00	0.000000e+00	1.253220e+01	-5.352738e+01
out_AVG_nE5_IE4_RE5_WE4_G0_10_spi.756	0.000000e+00	4.700000e+00	1.353470e+01	-2.662011e+01
out_AVG_nE5_IE4_RE5_WE4_G0_10_spi.757	0.000000e+00	1.000000e-01	1.052721e+01	-3.641600e+01
out_AVG_nE5_IE4_RE5_WE4_G0_10_spi.758	0.000000e+00	3.100000e+00	1.328408e+01	-2.891953e+01
out_AVG_nE5_IE4_RE5_WE4_G0_10_spi.759	0.000000e+00	0.000000e+00	1.629156e+01	-7.920344e+01
out_AVG_nE5_IE4_RE5_WE4_G0_10_spi.76	0.000000e+00	1.260000e+01	2.005092e+01	-2.284595e+01
out_AVG_nE5_IE4_RE5_WE4_G0_10_spi.760	0.000000e+00	8.700000e+00	2.155467e+01	-2.799853e+01
out_AVG_nE5_IE4_RE5_WE4_G0_10_spi.761	0.000000e+00	1.080000e+01	2.406091e+01	-2.654042e+01
out_AVG_nE5_IE4_RE5_WE4_G0_10_spi.762	0.000000e+00	2.310000e+01	3.258213e+01	-2.393506e+01
out_AVG_nE5_IE4_RE5_WE4_G0_10_spi.763	0.000000e+00	2.500000e+00	1.679281e+01	-3.329873e+01
out_AVG_nE5_IE4_RE5_WE4_G0_10_spi.764	0.000000e+00	1.200000e+00	1.228158e+01	-3.319328e+01
out_AVG_nE5_IE4_RE5_WE4_G0_10_spi.765	0.000000e+00	0.000000e+00	1.378532e+01	-4.665841e+01
out_AVG_nE5_IE4_RE5_WE4_G0_10_spi.766	0.000000e+00	1.540000e+01	3.508837e+01	-2.827034e+01
out_AVG_nE5_IE4_RE5_WE4_G0_10_spi.767	0.000000e+00	0.000000e+00	7.519722e+00	-4.039463e+01
out_AVG_nE5_IE4_RE5_WE4_G0_10_spi.768	0.000000e+00	1.520000e+01	2.030155e+01	-2.172576e+01
out_AVG_nE5_IE4_RE5_WE4_G0_10_spi.769	0.000000e+00	2.500000e+00	8.271594e+00	-2.439256e+01
out_AVG_nE5_IE4_RE5_WE4_G0_10_spi.77	0.000000e+00	3.240000e+01	5.162956e+01	-2.479797e+01
out_AVG_nE5_IE4_RE5_WE4_G0_10_spi.770	0.000000e+00	0.000000e+00	1.328408e+01	-4.653400e+01
out_AVG_nE5_IE4_RE5_WE4_G0_10_spi.771	0.000000e+00	3.400000e+00	1.729406e+01	-3.192127e+01
out_AVG_nE5_IE4_RE5_WE4_G0_10_spi.772	0.000000e+00	2.800000e+00	2.330904e+01	-3.749357e+01
out_AVG_nE5_IE4_RE5_WE4_G0_10_spi.773	0.000000e+00	7.100000e+00	2.055217e+01	-2.757031e+01
out_AVG_nE5_IE4_RE5_WE4_G0_10_spi.774	0.000000e+00	1.800000e+01	2.907339e+01	-2.466513e+01
out_AVG_nE5_IE4_RE5_WE4_G0_10_spi.775	0.000000e+00	0.000000e+00	9.274090e+00	-4.190044e+01
out_AVG_nE5_IE4_RE5_WE4_G0_10_spi.776	0.000000e+00	0.000000e+00	1.378532e+01	-4.163038e+01
out_AVG_nE5_IE4_RE5_WE4_G0_10_spi.777	0.000000e+00	8.200000e+00	4.135397e+01	-3.601090e+01
out_AVG_nE5_IE4_RE5_WE4_G0_10_spi.778	0.000000e+00	2.500000e+00	1.453720e+01	-3.155465e+01
out_AVG_nE5_IE4_RE5_WE4_G0_10_spi.779	0.000000e+00	3.580000e+01	3.157963e+01	-1.902284e+01
out_AVG_nE5_IE4_RE5_WE4_G0_10_spi.78	0.000000e+00	2.200000e+00	8.271594e+00	-2.514382e+01
out_AVG_nE5_IE4_RE5_WE4_G0_10_spi.780	0.000000e+00	9.000000e-01	1.980030e+01	-4.120500e+01
out_AVG_nE5_IE4_RE5_WE4_G0_10_spi.781	0.000000e+00	0.000000e+00	9.524714e+00	-3.938478e+01
out_AVG_nE5_IE4_RE5_WE4_G0_10_spi.782	0.000000e+00	9.400000e+00	2.556465e+01	-2.879840e+01
out_AVG_nE5_IE4_RE5_WE4_G0_10_spi.783	0.000000e+00	0.000000e+00	1.729406e+01	-6.137589e+01
out_AVG_nE5_IE4_RE5_WE4_G0_10_spi.784	0.000000e+00	4.200000e+00	1.228158e+01	-2.599449e+01
out_AVG_nE5_IE4_RE5_WE4_G0_10_spi.785	0.000000e+00	0.000000e+00	1.428657e+01	-4.536353e+01
out_AVG_nE5_IE4_RE5_WE4_G0_10_spi.786	0.000000e+00	0.000000e+00	1.629156e+01	-5.461961e+01
out_AVG_nE5_IE4_RE5_WE4_G0_10_spi.787	0.000000e+00	1.000000e-01	6.015977e+00	-3.070616e+01
out_AVG_nE5_IE4_RE5_WE4_G0_10_spi.788	0.000000e+00	1.200000e+00	1.102846e+01	-3.205456e+01
out_AVG_nE5_IE4_RE5_WE4_G0_10_spi.789	0.000000e+00	6.300000e+00	2.381029e+01	-3.139121e+01
out_AVG_nE5_IE4_RE5_WE4_G0_10_spi.79	0.000000e+00	2.240000e+01	2.155467e+01	-1.931069e+01
out_AVG_nE5_IE4_RE5_WE4_G0_10_spi.790	0.000000e+00	1.100000e+00	1.002596e+01	-3.101681e+01
out_AVG_nE5_IE4_RE5_WE4_G0_10_spi.791	0.000000e+00	0.000000e+00	8.020970e+00	-4.323298e+01
out_AVG_nE5_IE4_RE5_WE4_G0_10_spi.792	0.000000e+00	4.900000e+00	1.328408e+01	-2.606844e+01
out_AVG_nE5_IE4_RE5_WE4_G0_10_spi.793	0.000000e+00	6.870000e+01	1.854718e+01	-1.146609e+01
out_AVG_nE5_IE4_RE5_WE4_G0_10_spi.794	0.000000e+00	1.600000e+00	1.604094e+01	-3.541020e+01
out_AVG_nE5_IE4_RE5_WE4_G0_10_spi.795	0.000000e+00	3.800000e+00	1.654219e+01	-3.084349e+01
out_AVG_nE5_IE4_RE5_WE4_G0_10_spi.796	0.000000e+00	0.000000e+00	1.779531e+01	-6.574876e+01
out_AVG_nE5_IE4_RE5_WE4_G0_10_spi.797	0.000000e+00	2.900000e+01	4.812082e+01	-2.533039e+01
out_AVG_nE5_IE4_RE5_WE4_G0_10_spi.798	0.000000e+00	6.700000e+00	9.524714e+00	-2.074127e+01
out_AVG_nE5_IE4_RE5_WE4_G0_10_spi.799	0.000000e+00	7.000000e-01	1.328408e+01	-3.707603e+01
out_AVG_nE5_IE4_RE5_WE4_G0_10_spi.8	0.000000e+00	8.100000e+00	2.932402e+01	-3.239944e+01
out_AVG_nE5_IE4_RE5_WE4_G0_10_spi.80	0.000000e+00	5.700000e+00	1.553969e+01	-2.655718e+01
out_AVG_nE5_IE4_RE5_WE4_G0_10_spi.800	0.000000e+00	2.070000e+01	2.330904e+01	-2.116151e+01
out_AVG_nE5_IE4_RE5_WE4_G0_10_spi.801	0.000000e+00	8.000000e-01	1.604094e+01	-3.887472e+01
out_AVG_nE5_IE4_RE5_WE4_G0_10_spi.802	0.000000e+00	6.300000e+00	2.782027e+01	-3.270529e+01
out_AVG_nE5_IE4_RE5_WE4_G0_10_spi.803	0.000000e+00	8.600000e+00	1.553969e+01	-2.390994e+01
out_AVG_nE5_IE4_RE5_WE4_G0_10_spi.804	0.000000e+00	4.600000e+00	1.954968e+01	-3.072357e+01
out_AVG_nE5_IE4_RE5_WE4_G0_10_spi.805	0.000000e+00	0.000000e+00	1.303345e+01	-5.735671e+01
out_AVG_nE5_IE4_RE5_WE4_G0_10_spi.806	0.000000e+00	1.300000e+00	9.775338e+00	-3.012522e+01
out_AVG_nE5_IE4_RE5_WE4_G0_10_spi.807	0.000000e+00	1.210000e+01	2.581528e+01	-2.652824e+01
out_AVG_nE5_IE4_RE5_WE4_G0_10_spi.808	0.000000e+00	1.000000e+00	1.178033e+01	-3.336117e+01
out_AVG_nE5_IE4_RE5_WE4_G0_10_spi.809	0.000000e+00	2.000000e+00	9.524714e+00	-2.782287e+01
out_AVG_nE5_IE4_RE5_WE4_G0_10_spi.81	0.000000e+00	1.000000e-01	1.127908e+01	-4.466794e+01
out_AVG_nE5_IE4_RE5_WE4_G0_10_spi.810	0.000000e+00	1.100000e+00	1.278283e+01	-3.350431e+01
out_AVG_nE5_IE4_RE5_WE4_G0_10_spi.811	0.000000e+00	1.000000e-01	1.052721e+01	-4.023575e+01
out_AVG_nE5_IE4_RE5_WE4_G0_10_spi.812	0.000000e+00	5.600000e+00	3.759461e+01	-3.910013e+01
out_AVG_nE5_IE4_RE5_WE4_G0_10_spi.813	0.000000e+00	0.000000e+00	1.127908e+01	-4.305396e+01
out_AVG_nE5_IE4_RE5_WE4_G0_10_spi.814	0.000000e+00	1.090000e+01	1.278283e+01	-2.010591e+01
out_AVG_nE5_IE4_RE5_WE4_G0_10_spi.815	0.000000e+00	6.200000e+00	1.904843e+01	-2.842497e+01
out_AVG_nE5_IE4_RE5_WE4_G0_10_spi.816	0.000000e+00	9.300000e+00	1.478782e+01	-2.296248e+01
out_AVG_nE5_IE4_RE5_WE4_G0_10_spi.817	0.000000e+00	4.100000e+00	2.055217e+01	-3.220504e+01
out_AVG_nE5_IE4_RE5_WE4_G0_10_spi.818	0.000000e+00	7.600000e+00	2.932402e+01	-3.272857e+01
out_AVG_nE5_IE4_RE5_WE4_G0_10_spi.819	0.000000e+00	1.210000e+01	2.305841e+01	-2.593576e+01
out_AVG_nE5_IE4_RE5_WE4_G0_10_spi.82	0.000000e+00	0.000000e+00	2.080280e+01	-5.942101e+01
out_AVG_nE5_IE4_RE5_WE4_G0_10_spi.820	0.000000e+00	0.000000e+00	8.522218e+00	-3.931916e+01
out_AVG_nE5_IE4_RE5_WE4_G0_10_spi.821	0.000000e+00	1.000000e-01	1.102846e+01	-3.775361e+01
out_AVG_nE5_IE4_RE5_WE4_G0_10_spi.822	0.000000e+00	6.300000e+00	2.982526e+01	-3.509657e+01
out_AVG_nE5_IE4_RE5_WE4_G0_10_spi.823	0.000000e+00	2.500000e+00	3.157963e+01	-4.118428e+01
out_AVG_nE5_IE4_RE5_WE4_G0_10_spi.824	0.000000e+00	3.400000e+00	2.531403e+01	-3.734934e+01
out_AVG_nE5_IE4_RE5_WE4_G0_10_spi.825	0.000000e+00	7.100000e+00	2.055217e+01	-2.815379e+01
out_AVG_nE5_IE4_RE5_WE4_G0_10_spi.826	0.000000e+00	0.000000e+00	1.328408e+01	-4.986506e+01
out_AVG_nE5_IE4_RE5_WE4_G0_10_spi.827	0.000000e+00	6.400000e+00	1.654219e+01	-2.651340e+01
out_AVG_nE5_IE4_RE5_WE4_G0_10_spi.828	0.000000e+00	1.600000e+00	1.829656e+01	-3.822705e+01
out_AVG_nE5_IE4_RE5_WE4_G0_10_spi.829	0.000000e+00	1.000000e-01	1.102846e+01	-3.904519e+01
out_AVG_nE5_IE4_RE5_WE4_G0_10_spi.83	0.000000e+00	1.380000e+01	2.155467e+01	-2.341637e+01
out_AVG_nE5_IE4_RE5_WE4_G0_10_spi.830	0.000000e+00	1.000000e-01	8.271594e+00	-3.554099e+01
out_AVG_nE5_IE4_RE5_WE4_G0_10_spi.831	0.000000e+00	4.400000e+00	8.271594e+00	-2.181302e+01
out_AVG_nE5_IE4_RE5_WE4_G0_10_spi.832	0.000000e+00	9.000000e-01	1.303345e+01	-3.540702e+01
out_AVG_nE5_IE4_RE5_WE4_G0_10_spi.833	0.000000e+00	3.000000e-01	8.522218e+00	-3.266503e+01
out_AVG_nE5_IE4_RE5_WE4_G0_10_spi.834	0.000000e+00	2.000000e-01	1.553969e+01	-4.232885e+01
out_AVG_nE5_IE4_RE5_WE4_G0_10_spi.835	0.000000e+00	0.000000e+00	1.453720e+01	-4.437738e+01
out_AVG_nE5_IE4_RE5_WE4_G0_10_spi.836	0.000000e+00	7.230000e+01	3.809586e+01	-1.568131e+01
out_AVG_nE5_IE4_RE5_WE4_G0_10_spi.837	0.000000e+00	4.220000e+01	5.338392e+01	-2.279564e+01
out_AVG_nE5_IE4_RE5_WE4_G0_10_spi.838	0.000000e+00	1.400000e+00	1.503844e+01	-3.476813e+01
out_AVG_nE5_IE4_RE5_WE4_G0_10_spi.839	0.000000e+00	1.000000e-01	1.052721e+01	-4.007450e+01
out_AVG_nE5_IE4_RE5_WE4_G0_10_spi.84	0.000000e+00	3.600000e+00	1.904843e+01	-3.231588e+01
out_AVG_nE5_IE4_RE5_WE4_G0_10_spi.840	0.000000e+00	7.000000e-01	7.018474e+00	-2.824457e+01
out_AVG_nE5_IE4_RE5_WE4_G0_10_spi.841	0.000000e+00	1.800000e+00	8.020970e+00	-2.570291e+01
out_AVG_nE5_IE4_RE5_WE4_G0_10_spi.842	0.000000e+00	1.500000e+00	1.152971e+01	-3.132302e+01
out_AVG_nE5_IE4_RE5_WE4_G0_10_spi.843	0.000000e+00	2.460000e+01	2.255717e+01	-1.953137e+01
out_AVG_nE5_IE4_RE5_WE4_G0_10_spi.844	0.000000e+00	9.000000e-01	1.077783e+01	-3.256200e+01
out_AVG_nE5_IE4_RE5_WE4_G0_10_spi.845	0.000000e+00	5.500000e+00	1.779531e+01	-2.770008e+01
out_AVG_nE5_IE4_RE5_WE4_G0_10_spi.846	0.000000e+00	2.800000e+01	2.406091e+01	-1.904787e+01
out_AVG_nE5_IE4_RE5_WE4_G0_10_spi.847	0.000000e+00	0.000000e+00	1.654219e+01	-7.147619e+01
out_AVG_nE5_IE4_RE5_WE4_G0_10_spi.848	0.000000e+00	2.700000e+00	9.524714e+00	-2.537899e+01
out_AVG_nE5_IE4_RE5_WE4_G0_10_spi.849	0.000000e+00	1.000000e-01	1.478782e+01	-4.228507e+01
out_AVG_nE5_IE4_RE5_WE4_G0_10_spi.85	0.000000e+00	4.600000e+00	2.180529e+01	-3.265992e+01
out_AVG_nE5_IE4_RE5_WE4_G0_10_spi.850	0.000000e+00	2.200000e+00	1.178033e+01	-2.862298e+01
out_AVG_nE5_IE4_RE5_WE4_G0_10_spi.851	0.000000e+00	6.800000e+00	3.909835e+01	-3.732397e+01
out_AVG_nE5_IE4_RE5_WE4_G0_10_spi.852	0.000000e+00	0.000000e+00	1.328408e+01	-4.800921e+01
out_AVG_nE5_IE4_RE5_WE4_G0_10_spi.853	0.000000e+00	0.000000e+00	1.428657e+01	-5.516924e+01
out_AVG_nE5_IE4_RE5_WE4_G0_10_spi.854	0.000000e+00	0.000000e+00	1.278283e+01	-4.274073e+01
out_AVG_nE5_IE4_RE5_WE4_G0_10_spi.855	0.000000e+00	0.000000e+00	1.553969e+01	-6.926069e+01
out_AVG_nE5_IE4_RE5_WE4_G0_10_spi.856	0.000000e+00	0.000000e+00	7.519722e+00	-4.185055e+01
out_AVG_nE5_IE4_RE5_WE4_G0_10_spi.857	0.000000e+00	3.700000e+00	1.604094e+01	-3.090929e+01
out_AVG_nE5_IE4_RE5_WE4_G0_10_spi.858	0.000000e+00	0.000000e+00	1.879780e+01	-7.793611e+01
out_AVG_nE5_IE4_RE5_WE4_G0_10_spi.859	0.000000e+00	0.000000e+00	1.152971e+01	-4.039712e+01
out_AVG_nE5_IE4_RE5_WE4_G0_10_spi.86	0.000000e+00	5.900000e+00	1.503844e+01	-2.568334e+01
out_AVG_nE5_IE4_RE5_WE4_G0_10_spi.860	0.000000e+00	3.400000e+00	2.155467e+01	-3.500361e+01
out_AVG_nE5_IE4_RE5_WE4_G0_10_spi.861	0.000000e+00	8.000000e-01	1.228158e+01	-3.483150e+01
out_AVG_nE5_IE4_RE5_WE4_G0_10_spi.862	0.000000e+00	3.950000e+01	4.235647e+01	-2.071857e+01
out_AVG_nE5_IE4_RE5_WE4_G0_10_spi.863	0.000000e+00	0.000000e+00	1.077783e+01	-5.267010e+01
out_AVG_nE5_IE4_RE5_WE4_G0_10_spi.864	0.000000e+00	0.000000e+00	1.127908e+01	-4.913814e+01
out_AVG_nE5_IE4_RE5_WE4_G0_10_spi.865	0.000000e+00	5.700000e+00	1.804593e+01	-2.774780e+01
out_AVG_nE5_IE4_RE5_WE4_G0_10_spi.866	0.000000e+00	0.000000e+00	1.353470e+01	-4.717526e+01
out_AVG_nE5_IE4_RE5_WE4_G0_10_spi.867	0.000000e+00	2.300000e+00	1.879780e+01	-3.570053e+01
out_AVG_nE5_IE4_RE5_WE4_G0_10_spi.868	0.000000e+00	2.000000e-01	7.519722e+00	-3.110848e+01
out_AVG_nE5_IE4_RE5_WE4_G0_10_spi.869	0.000000e+00	1.320000e+01	1.654219e+01	-2.118294e+01
out_AVG_nE5_IE4_RE5_WE4_G0_10_spi.87	0.000000e+00	0.000000e+00	1.278283e+01	-4.767334e+01
out_AVG_nE5_IE4_RE5_WE4_G0_10_spi.870	0.000000e+00	4.210000e+01	3.308338e+01	-1.868200e+01
out_AVG_nE5_IE4_RE5_WE4_G0_10_spi.871	0.000000e+00	2.320000e+01	4.060210e+01	-2.605234e+01
out_AVG_nE5_IE4_RE5_WE4_G0_10_spi.872	0.000000e+00	0.000000e+00	1.378532e+01	-4.996452e+01
out_AVG_nE5_IE4_RE5_WE4_G0_10_spi.873	0.000000e+00	7.000000e-01	7.018474e+00	-2.793687e+01
out_AVG_nE5_IE4_RE5_WE4_G0_10_spi.874	0.000000e+00	0.000000e+00	1.102846e+01	-4.638745e+01
out_AVG_nE5_IE4_RE5_WE4_G0_10_spi.875	0.000000e+00	1.700000e+01	1.829656e+01	-1.977531e+01
out_AVG_nE5_IE4_RE5_WE4_G0_10_spi.876	0.000000e+00	5.900000e+00	1.553969e+01	-2.653411e+01
out_AVG_nE5_IE4_RE5_WE4_G0_10_spi.877	0.000000e+00	1.000000e-01	1.002596e+01	-3.766829e+01
out_AVG_nE5_IE4_RE5_WE4_G0_10_spi.878	0.000000e+00	0.000000e+00	1.328408e+01	-5.840855e+01
out_AVG_nE5_IE4_RE5_WE4_G0_10_spi.879	0.000000e+00	4.200000e+00	1.528907e+01	-2.835517e+01
out_AVG_nE5_IE4_RE5_WE4_G0_10_spi.88	0.000000e+00	5.900000e+00	1.704344e+01	-2.816578e+01
out_AVG_nE5_IE4_RE5_WE4_G0_10_spi.880	0.000000e+00	2.000000e-01	1.077783e+01	-3.613709e+01
out_AVG_nE5_IE4_RE5_WE4_G0_10_spi.881	0.000000e+00	1.400000e+00	1.779531e+01	-3.687204e+01
out_AVG_nE5_IE4_RE5_WE4_G0_10_spi.882	0.000000e+00	0.000000e+00	1.253220e+01	-5.537781e+01
out_AVG_nE5_IE4_RE5_WE4_G0_10_spi.883	0.000000e+00	4.600000e+00	7.519722e+00	-1.951975e+01
out_AVG_nE5_IE4_RE5_WE4_G0_10_spi.884	0.000000e+00	0.000000e+00	8.772842e+00	-4.381366e+01
out_AVG_nE5_IE4_RE5_WE4_G0_10_spi.885	0.000000e+00	9.000000e-01	2.205592e+01	-4.310248e+01
out_AVG_nE5_IE4_RE5_WE4_G0_10_spi.886	0.000000e+00	0.000000e+00	1.052721e+01	-4.170438e+01
out_AVG_nE5_IE4_RE5_WE4_G0_10_spi.887	0.000000e+00	1.200000e+00	1.002596e+01	-3.021892e+01
out_AVG_nE5_IE4_RE5_WE4_G0_10_spi.888	0.000000e+00	1.390000e+01	1.478782e+01	-1.893455e+01
out_AVG_nE5_IE4_RE5_WE4_G0_10_spi.889	0.000000e+00	8.000000e-01	1.102846e+01	-3.340093e+01
out_AVG_nE5_IE4_RE5_WE4_G0_10_spi.89	0.000000e+00	2.600000e+00	1.453720e+01	-3.102683e+01
out_AVG_nE5_IE4_RE5_WE4_G0_10_spi.890	0.000000e+00	1.900000e+00	9.524714e+00	-2.759775e+01
out_AVG_nE5_IE4_RE5_WE4_G0_10_spi.891	0.000000e+00	0.000000e+00	2.030155e+01	-1.014018e+02
out_AVG_nE5_IE4_RE5_WE4_G0_10_spi.892	0.000000e+00	0.000000e+00	1.253220e+01	-4.503729e+01
out_AVG_nE5_IE4_RE5_WE4_G0_10_spi.893	0.000000e+00	2.390000e+01	5.814578e+01	-2.946658e+01
out_AVG_nE5_IE4_RE5_WE4_G0_10_spi.894	0.000000e+00	0.000000e+00	1.804593e+01	-5.733511e+01
out_AVG_nE5_IE4_RE5_WE4_G0_10_spi.895	0.000000e+00	7.000000e-01	1.203095e+01	-3.541118e+01
out_AVG_nE5_IE4_RE5_WE4_G0_10_spi.896	0.000000e+00	0.000000e+00	7.269098e+00	-3.486219e+01
out_AVG_nE5_IE4_RE5_WE4_G0_10_spi.897	0.000000e+00	7.610000e+01	1.000000e+02	-2.151454e+01
out_AVG_nE5_IE4_RE5_WE4_G0_10_spi.898	0.000000e+00	0.000000e+00	7.018474e+00	-4.373194e+01
out_AVG_nE5_IE4_RE5_WE4_G0_10_spi.899	0.000000e+00	0.000000e+00	1.453720e+01	-4.859076e+01
out_AVG_nE5_IE4_RE5_WE4_G0_10_spi.9	0.000000e+00	3.900000e+00	8.271594e+00	-2.186091e+01
out_AVG_nE5_IE4_RE5_WE4_G0_10_spi.90	0.000000e+00	0.000000e+00	1.002596e+01	-3.936226e+01
out_AVG_nE5_IE4_RE5_WE4_G0_10_spi.900	0.000000e+00	0.000000e+00	9.524714e+00	-4.900326e+01
out_AVG_nE5_IE4_RE5_WE4_G0_10_spi.901	0.000000e+00	8.600000e+00	3.584024e+01	-3.340268e+01
out_AVG_nE5_IE4_RE5_WE4_G0_10_spi.902	0.000000e+00	2.130000e+01	3.208088e+01	-2.411802e+01
out_AVG_nE5_IE4_RE5_WE4_G0_10_spi.903	0.000000e+00	2.200000e+00	2.105342e+01	-3.757027e+01
out_AVG_nE5_IE4_RE5_WE4_G0_10_spi.904	0.000000e+00	0.000000e+00	6.266602e+00	-3.688732e+01
out_AVG_nE5_IE4_RE5_WE4_G0_10_spi.905	0.000000e+00	5.900000e+00	1.904843e+01	-2.926785e+01
out_AVG_nE5_IE4_RE5_WE4_G0_10_spi.906	0.000000e+00	9.980000e+01	9.423565e+01	-1.926953e+01
out_AVG_nE5_IE4_RE5_WE4_G0_10_spi.907	0.000000e+00	3.640000e+01	2.756965e+01	-1.811408e+01
out_AVG_nE5_IE4_RE5_WE4_G0_10_spi.908	0.000000e+00	1.000000e-01	1.102846e+01	-3.950890e+01
out_AVG_nE5_IE4_RE5_WE4_G0_10_spi.909	0.000000e+00	0.000000e+00	1.002596e+01	-4.434805e+01
out_AVG_nE5_IE4_RE5_WE4_G0_10_spi.91	0.000000e+00	1.790000e+01	2.882277e+01	-2.412773e+01
out_AVG_nE5_IE4_RE5_WE4_G0_10_spi.910	0.000000e+00	0.000000e+00	1.804593e+01	-6.784146e+01
out_AVG_nE5_IE4_RE5_WE4_G0_10_spi.911	0.000000e+00	9.930000e+01	4.987519e+01	-1.332098e+01
out_AVG_nE5_IE4_RE5_WE4_G0_10_spi.912	0.000000e+00	2.000000e-01	6.015977e+00	-2.825302e+01
out_AVG_nE5_IE4_RE5_WE4_G0_10_spi.913	0.000000e+00	0.000000e+00	1.278283e+01	-5.330861e+01
out_AVG_nE5_IE4_RE5_WE4_G0_10_spi.914	0.000000e+00	6.300000e+00	2.005092e+01	-2.887008e+01
out_AVG_nE5_IE4_RE5_WE4_G0_10_spi.915	0.000000e+00	2.000000e-01	1.453720e+01	-4.120394e+01
out_AVG_nE5_IE4_RE5_WE4_G0_10_spi.916	0.000000e+00	0.000000e+00	9.775338e+00	-4.329735e+01
out_AVG_nE5_IE4_RE5_WE4_G0_10_spi.917	0.000000e+00	4.200000e+00	1.453720e+01	-2.826504e+01
out_AVG_nE5_IE4_RE5_WE4_G0_10_spi.918	0.000000e+00	1.960000e+01	1.879780e+01	-1.897575e+01
out_AVG_nE5_IE4_RE5_WE4_G0_10_spi.919	0.000000e+00	1.500000e+00	1.027659e+01	-3.047527e+01
out_AVG_nE5_IE4_RE5_WE4_G0_10_spi.92	0.000000e+00	7.000000e+00	2.456216e+01	-3.014025e+01
out_AVG_nE5_IE4_RE5_WE4_G0_10_spi.920	0.000000e+00	1.000000e-01	1.152971e+01	-3.881064e+01
out_AVG_nE5_IE4_RE5_WE4_G0_10_spi.921	0.000000e+00	1.180000e+01	3.408587e+01	-3.030288e+01
out_AVG_nE5_IE4_RE5_WE4_G0_10_spi.922	0.000000e+00	2.500000e+00	1.203095e+01	-2.925190e+01
out_AVG_nE5_IE4_RE5_WE4_G0_10_spi.923	0.000000e+00	1.000000e-01	1.178033e+01	-4.035411e+01
out_AVG_nE5_IE4_RE5_WE4_G0_10_spi.924	0.000000e+00	1.100000e+00	1.077783e+01	-3.191868e+01
out_AVG_nE5_IE4_RE5_WE4_G0_10_spi.925	0.000000e+00	8.000000e-01	4.512233e+00	-2.261109e+01
out_AVG_nE5_IE4_RE5_WE4_G0_10_spi.926	0.000000e+00	4.300000e+00	2.681777e+01	-3.563013e+01
out_AVG_nE5_IE4_RE5_WE4_G0_10_spi.927	0.000000e+00	0.000000e+00	8.772842e+00	-4.046170e+01
out_AVG_nE5_IE4_RE5_WE4_G0_10_spi.928	0.000000e+00	3.100000e+00	1.453720e+01	-3.038997e+01
out_AVG_nE5_IE4_RE5_WE4_G0_10_spi.929	0.000000e+00	8.600000e+00	1.954968e+01	-2.616770e+01
out_AVG_nE5_IE4_RE5_WE4_G0_10_spi.93	0.000000e+00	3.600000e+01	3.809586e+01	-2.126155e+01
out_AVG_nE5_IE4_RE5_WE4_G0_10_spi.930	0.000000e+00	3.700000e+00	1.829656e+01	-3.138767e+01
out_AVG_nE5_IE4_RE5_WE4_G0_10_spi.931	0.000000e+00	0.000000e+00	8.271594e+00	-3.480624e+01
out_AVG_nE5_IE4_RE5_WE4_G0_10_spi.932	0.000000e+00	0.000000e+00	1.528907e+01	-6.307878e+01
out_AVG_nE5_IE4_RE5_WE4_G0_10_spi.933	0.000000e+00	0.000000e+00	2.055217e+01	-5.206916e+01
out_AVG_nE5_IE4_RE5_WE4_G0_10_spi.934	0.000000e+00	9.880000e+01	7.268198e+01	-1.782752e+01
out_AVG_nE5_IE4_RE5_WE4_G0_10_spi.935	0.000000e+00	0.000000e+00	1.052721e+01	-4.117252e+01
out_AVG_nE5_IE4_RE5_WE4_G0_10_spi.936	0.000000e+00	3.600000e+00	1.002596e+01	-2.404798e+01
out_AVG_nE5_IE4_RE5_WE4_G0_10_spi.937	0.000000e+00	1.000000e+00	2.305841e+01	-4.299332e+01
out_AVG_nE5_IE4_RE5_WE4_G0_10_spi.938	0.000000e+00	1.700000e+00	1.253220e+01	-3.124248e+01
out_AVG_nE5_IE4_RE5_WE4_G0_10_spi.939	0.000000e+00	0.000000e+00	1.002596e+01	-5.398094e+01
out_AVG_nE5_IE4_RE5_WE4_G0_10_spi.94	0.000000e+00	6.000000e+00	1.980030e+01	-2.812886e+01
out_AVG_nE5_IE4_RE5_WE4_G0_10_spi.940	0.000000e+00	6.000000e-01	1.579032e+01	-3.842437e+01
out_AVG_nE5_IE4_RE5_WE4_G0_10_spi.941	0.000000e+00	3.000000e-01	1.052721e+01	-3.510056e+01
out_AVG_nE5_IE4_RE5_WE4_G0_10_spi.942	0.000000e+00	0.000000e+00	9.023466e+00	-3.847303e+01
out_AVG_nE5_IE4_RE5_WE4_G0_10_spi.943	0.000000e+00	4.200000e+00	1.679281e+01	-3.001760e+01
out_AVG_nE5_IE4_RE5_WE4_G0_10_spi.944	0.000000e+00	7.000000e-01	9.775338e+00	-3.166316e+01
out_AVG_nE5_IE4_RE5_WE4_G0_10_spi.945	0.000000e+00	1.810000e+01	3.859711e+01	-2.753516e+01
out_AVG_nE5_IE4_RE5_WE4_G0_10_spi.946	0.000000e+00	0.000000e+00	8.271594e+00	-5.086104e+01
out_AVG_nE5_IE4_RE5_WE4_G0_10_spi.947	0.000000e+00	1.120000e+01	2.180529e+01	-2.494144e+01
out_AVG_nE5_IE4_RE5_WE4_G0_10_spi.948	0.000000e+00	0.000000e+00	1.278283e+01	-4.618578e+01
out_AVG_nE5_IE4_RE5_WE4_G0_10_spi.949	0.000000e+00	1.600000e+01	2.681777e+01	-2.432747e+01
out_AVG_nE5_IE4_RE5_WE4_G0_10_spi.95	0.000000e+00	0.000000e+00	6.767850e+00	-3.533515e+01
out_AVG_nE5_IE4_RE5_WE4_G0_10_spi.950	0.000000e+00	8.400000e+00	1.553969e+01	-2.375311e+01
out_AVG_nE5_IE4_RE5_WE4_G0_10_spi.951	0.000000e+00	1.020000e+01	1.604094e+01	-2.266702e+01
out_AVG_nE5_IE4_RE5_WE4_G0_10_spi.952	0.000000e+00	6.200000e+00	1.804593e+01	-2.791375e+01
out_AVG_nE5_IE4_RE5_WE4_G0_10_spi.953	0.000000e+00	1.500000e+01	3.834648e+01	-2.931454e+01
out_AVG_nE5_IE4_RE5_WE4_G0_10_spi.954	0.000000e+00	1.100000e+01	1.328408e+01	-2.036774e+01
out_AVG_nE5_IE4_RE5_WE4_G0_10_spi.955	0.000000e+00	0.000000e+00	1.353470e+01	-4.647188e+01
out_AVG_nE5_IE4_RE5_WE4_G0_10_spi.956	0.000000e+00	2.600000e+00	1.152971e+01	-2.805029e+01
out_AVG_nE5_IE4_RE5_WE4_G0_10_spi.957	0.000000e+00	7.380000e+01	4.837144e+01	-1.709740e+01
out_AVG_nE5_IE4_RE5_WE4_G0_10_spi.958	0.000000e+00	6.000000e+00	1.779531e+01	-2.748541e+01
out_AVG_nE5_IE4_RE5_WE4_G0_10_spi.959	0.000000e+00	2.000000e-01	1.152971e+01	-3.899266e+01
out_AVG_nE5_IE4_RE5_WE4_G0_10_spi.96	0.000000e+00	0.000000e+00	1.503844e+01	-6.535875e+01
out_AVG_nE5_IE4_RE5_WE4_G0_10_spi.960	0.000000e+00	2.500000e+00	1.980030e+01	-3.528652e+01
out_AVG_nE5_IE4_RE5_WE4_G0_10_spi.961	0.000000e+00	2.600000e+00	8.271594e+00	-2.387568e+01
out_AVG_nE5_IE4_RE5_WE4_G0_10_spi.962	0.000000e+00	2.400000e+00	1.704344e+01	-3.367559e+01
out_AVG_nE5_IE4_RE5_WE4_G0_10_spi.963	0.000000e+00	0.000000e+00	9.775338e+00	-4.470307e+01
out_AVG_nE5_IE4_RE5_WE4_G0_10_spi.964	0.000000e+00	1.420000e+01	1.052721e+01	-1.622757e+01
out_AVG_nE5_IE4_RE5_WE4_G0_10_spi.965	0.000000e+00	3.200000e+00	2.080280e+01	-3.431252e+01
out_AVG_nE5_IE4_RE5_WE4_G0_10_spi.966	0.000000e+00	0.000000e+00	7.018474e+00	-3.734172e+01
out_AVG_nE5_IE4_RE5_WE4_G0_10_spi.967	0.000000e+00	7.300000e+00	2.506341e+01	-3.145030e+01
out_AVG_nE5_IE4_RE5_WE4_G0_10_spi.968	0.000000e+00	6.200000e+00	1.704344e+01	-2.665449e+01
out_AVG_nE5_IE4_RE5_WE4_G0_10_spi.969	0.000000e+00	9.930000e+01	4.210584e+01	-1.262870e+01
out_AVG_nE5_IE4_RE5_WE4_G0_10_spi.97	0.000000e+00	0.000000e+00	1.002596e+01	-3.765324e+01
out_AVG_nE5_IE4_RE5_WE4_G0_10_spi.970	0.000000e+00	0.000000e+00	1.353470e+01	-5.499952e+01
out_AVG_nE5_IE4_RE5_WE4_G0_10_spi.971	0.000000e+00	2.260000e+01	6.867199e+01	-3.247718e+01
out_AVG_nE5_IE4_RE5_WE4_G0_10_spi.972	0.000000e+00	3.300000e+00	1.804593e+01	-3.245084e+01
out_AVG_nE5_IE4_RE5_WE4_G0_10_spi.973	0.000000e+00	2.570000e+01	3.132901e+01	-2.211035e+01
out_AVG_nE5_IE4_RE5_WE4_G0_10_spi.974	0.000000e+00	5.800000e+00	1.253220e+01	-2.374316e+01
out_AVG_nE5_IE4_RE5_WE4_G0_10_spi.975	0.000000e+00	5.900000e+00	2.531403e+01	-3.311151e+01
out_AVG_nE5_IE4_RE5_WE4_G0_10_spi.976	0.000000e+00	2.690000e+01	4.536395e+01	-2.573050e+01
out_AVG_nE5_IE4_RE5_WE4_G0_10_spi.977	0.000000e+00	2.600000e+00	6.266602e+00	-2.152616e+01
out_AVG_nE5_IE4_RE5_WE4_G0_10_spi.978	0.000000e+00	0.000000e+00	7.269098e+00	-3.965248e+01
out_AVG_nE5_IE4_RE5_WE4_G0_10_spi.979	0.000000e+00	5.500000e+00	2.255717e+01	-3.194601e+01
out_AVG_nE5_IE4_RE5_WE4_G0_10_spi.98	0.000000e+00	6.100000e+00	2.606590e+01	-3.163014e+01
out_AVG_nE5_IE4_RE5_WE4_G0_10_spi.980	0.000000e+00	7.500000e+00	1.102846e+01	-2.108078e+01
out_AVG_nE5_IE4_RE5_WE4_G0_10_spi.981	0.000000e+00	9.990000e+01	4.611583e+01	-1.236681e+01
out_AVG_nE5_IE4_RE5_WE4_G0_10_spi.982	0.000000e+00	0.000000e+00	7.269098e+00	-3.713717e+01
out_AVG_nE5_IE4_RE5_WE4_G0_10_spi.983	0.000000e+00	0.000000e+00	1.453720e+01	-4.937000e+01
out_AVG_nE5_IE4_RE5_WE4_G0_10_spi.984	0.000000e+00	4.000000e-01	1.077783e+01	-3.472121e+01
out_AVG_nE5_IE4_RE5_WE4_G0_10_spi.985	0.000000e+00	4.300000e+00	2.230654e+01	-3.305277e+01
out_AVG_nE5_IE4_RE5_WE4_G0_10_spi.986	0.000000e+00	0.000000e+00	1.027659e+01	-3.922032e+01
out_AVG_nE5_IE4_RE5_WE4_G0_10_spi.987	0.000000e+00	0.000000e+00	1.203095e+01	-4.195115e+01
out_AVG_nE5_IE4_RE5_WE4_G0_10_spi.988	0.000000e+00	0.000000e+00	1.353470e+01	-4.142229e+01
out_AVG_nE5_IE4_RE5_WE4_G0_10_spi.989	0.000000e+00	1.790000e+01	3.659211e+01	-2.728624e+01
out_AVG_nE5_IE4_RE5_WE4_G0_10_spi.99	0.000000e+00	2.000000e-01	1.403595e+01	-4.014094e+01
out_AVG_nE5_IE4_RE5_WE4_G0_10_spi.990	0.000000e+00	2.700000e+00	1.679281e+01	-3.257551e+01
out_AVG_nE5_IE4_RE5_WE4_G0_10_spi.991	0.000000e+00	9.080000e+01	1.000000e+02	-2.108443e+01
out_AVG_nE5_IE4_RE5_WE4_G0_10_spi.992	0.000000e+00	3.700000e+00	1.954968e+01	-3.280393e+01
out_AVG_nE5_IE4_RE5_WE4_G0_10_spi.993	0.000000e+00	2.400000e+00	1.002596e+01	-2.670562e+01
out_AVG_nE5_IE4_RE5_WE4_G0_10_spi.994	0.000000e+00	6.200000e+00	1.954968e+01	-2.826071e+01
out_AVG_nE5_IE4_RE5_WE4_G0_10_spi.995	0.000000e+00	0.000000e+00	1.378532e+01	-4.907543e+01
out_AVG_nE5_IE4_RE5_WE4_G0_10_spi.996	0.000000e+00	0.000000e+00	7.519722e+00	-3.322631e+01
out_AVG_nE5_IE4_RE5_WE4_G0_10_spi.997	0.000000e+00	1.600000e+00	1.303345e+01	-3.268675e+01
out_AVG_nE5_IE4_RE5_WE4_G0_10_spi.998	0.000000e+00	3.400000e+00	2.330904e+01	-3.547859e+01
out_AVG_nE5_IE4_RE5_WE4_G0_10_spi.999	0.000000e+00	0.000000e+00	1.278283e+01	-4.444483e+01
