	0.000000e+00	1.027659e+01
	6.300000e+00	1.754468e+01
	7.100000e+00	1.980030e+01
	1.000000e-01	1.102846e+01
	0.000000e+00	1.278283e+01
	2.500000e+00	1.178033e+01
	0.000000e+00	9.524714e+00
	3.370000e+01	3.057714e+01
	5.710000e+01	5.589017e+01
	1.000000e-01	1.453720e+01
	5.340000e+01	4.436146e+01
	1.200000e+00	1.002596e+01
	8.800000e+00	1.152971e+01
	2.300000e+00	1.077783e+01
	1.010000e+01	1.528907e+01
	2.000000e+00	1.704344e+01
	0.000000e+00	1.353470e+01
	4.050000e+01	5.789516e+01
	0.000000e+00	1.478782e+01
	2.000000e-01	7.770346e+00
	1.600000e+00	1.378532e+01
	0.000000e+00	9.023466e+00
	2.000000e-01	1.102846e+01
	4.400000e+00	6.517226e+00
	1.700000e+00	1.804593e+01
	3.000000e+00	1.178033e+01
	6.000000e+00	1.178033e+01
	2.820000e+01	2.030155e+01
	3.000000e+00	1.303345e+01
	0.000000e+00	1.027659e+01
	1.100000e+01	3.759461e+01
	0.000000e+00	9.524714e+00
	3.600000e+00	1.553969e+01
	1.160000e+01	1.428657e+01
	0.000000e+00	1.002596e+01
	5.900000e+00	1.754468e+01
	1.000000e+00	7.770346e+00
	3.400000e+00	1.228158e+01
	5.000000e-01	8.020970e+00
	8.700000e+00	1.904843e+01
	8.000000e-01	8.271594e+00
	7.800000e+00	1.278283e+01
	2.380000e+01	4.636645e+01
	1.100000e+00	2.280779e+01
	5.940000e+01	4.837144e+01
	3.600000e+00	1.503844e+01
	0.000000e+00	1.127908e+01
	1.000000e-01	1.027659e+01
	3.700000e+00	5.765353e+00
	2.800000e+00	2.531403e+01
	0.000000e+00	1.178033e+01
	0.000000e+00	1.704344e+01
	2.830000e+01	1.353470e+01
	1.300000e+00	1.579032e+01
	4.900000e+00	1.929905e+01
	2.800000e+00	1.579032e+01
	1.000000e-01	8.772842e+00
	0.000000e+00	1.102846e+01
	6.700000e+00	2.305841e+01
	6.000000e+00	9.524714e+00
	0.000000e+00	1.102846e+01
	0.000000e+00	1.428657e+01
	0.000000e+00	8.020970e+00
	1.630000e+01	2.556465e+01
	1.010000e+01	2.882277e+01
	7.000000e-01	1.253220e+01
	2.240000e+01	1.980030e+01
	9.100000e+00	1.879780e+01
	2.500000e+00	1.002596e+01
	0.000000e+00	7.770346e+00
	3.400000e+00	1.178033e+01
	1.300000e+00	1.378532e+01
	2.500000e+00	1.178033e+01
	1.200000e+00	1.203095e+01
	7.000000e-01	1.629156e+01
	5.260000e+01	2.932402e+01
	2.440000e+01	4.511333e+01
	5.000000e-01	8.772842e+00
	1.380000e+01	8.271594e+00
	7.000000e-01	1.604094e+01
	3.400000e+00	1.954968e+01
	1.200000e+00	1.228158e+01
	2.500000e+00	1.002596e+01
	2.500000e+00	1.278283e+01
	0.000000e+00	1.428657e+01
	7.000000e-01	8.772842e+00
	0.000000e+00	8.772842e+00
	1.380000e+01	2.030155e+01
	0.000000e+00	1.052721e+01
	1.310000e+01	3.283275e+01
	5.000000e-01	8.772842e+00
	0.000000e+00	7.770346e+00
	0.000000e+00	1.102846e+01
	0.000000e+00	1.303345e+01
	0.000000e+00	6.015977e+00
	0.000000e+00	1.478782e+01
	7.500000e+00	9.775338e+00
	3.610000e+01	3.834648e+01
	2.000000e+00	1.804593e+01
	6.600000e+00	2.105342e+01
	0.000000e+00	1.102846e+01
	1.310000e+01	1.629156e+01
	0.000000e+00	5.264105e+00
	7.600000e+00	8.271594e+00
	2.300000e+00	1.178033e+01
	3.600000e+00	1.604094e+01
	5.700000e+00	2.205592e+01
	2.600000e+00	1.027659e+01
	1.000000e-01	7.770346e+00
	2.000000e-01	9.274090e+00
	1.460000e+01	4.711832e+01
	9.640000e+01	5.639141e+01
	3.000000e-01	1.528907e+01
	1.070000e+01	9.524714e+00
	0.000000e+00	7.770346e+00
	0.000000e+00	6.767850e+00
	1.900000e+00	2.005092e+01
	1.200000e+00	9.274090e+00
	0.000000e+00	1.077783e+01
	0.000000e+00	7.269098e+00
	1.250000e+01	1.528907e+01
	2.450000e+01	1.629156e+01
	3.600000e+00	1.428657e+01
	0.000000e+00	1.378532e+01
	8.100000e+00	1.929905e+01
	2.000000e-01	1.428657e+01
	1.200000e+00	5.013481e+00
	4.000000e-01	1.052721e+01
	1.020000e+01	5.514729e+00
	0.000000e+00	1.904843e+01
	5.900000e+00	1.754468e+01
	1.000000e-01	1.027659e+01
	0.000000e+00	7.770346e+00
	3.100000e+00	1.403595e+01
	1.000000e-01	8.522218e+00
	0.000000e+00	1.779531e+01
	4.160000e+01	3.884773e+01
	0.000000e+00	9.023466e+00
	8.000000e-01	8.020970e+00
	6.900000e+00	2.280779e+01
	1.900000e+00	6.266602e+00
	2.830000e+01	6.666700e+01
	6.000000e+00	2.180529e+01
	1.000000e-01	1.378532e+01
	2.500000e+00	1.604094e+01
	2.150000e+01	2.381029e+01
	1.300000e+00	1.253220e+01
	1.540000e+01	2.631653e+01
	2.000000e-01	9.524714e+00
	7.800000e+00	2.180529e+01
	3.970000e+01	6.766950e+01
	0.000000e+00	8.271594e+00
	6.300000e+00	1.553969e+01
	5.600000e+00	1.378532e+01
	4.400000e+00	1.604094e+01
	0.000000e+00	1.879780e+01
	1.540000e+01	1.904843e+01
	3.530000e+01	2.280779e+01
	1.520000e+01	2.180529e+01
	1.900000e+00	8.271594e+00
	3.070000e+01	4.035147e+01
	0.000000e+00	1.152971e+01
	6.300000e+00	1.604094e+01
	1.000000e-01	1.253220e+01
	7.000000e+00	3.057714e+01
	0.000000e+00	1.353470e+01
	8.600000e+00	1.553969e+01
	3.100000e+00	7.519722e+00
	0.000000e+00	8.522218e+00
	3.530000e+01	3.884773e+01
	0.000000e+00	1.579032e+01
	6.000000e+00	2.230654e+01
	1.700000e+00	1.954968e+01
	4.470000e+01	8.320819e+01
	3.200000e+00	1.203095e+01
	6.700000e+00	1.052721e+01
	2.100000e+00	1.954968e+01
	1.000000e-01	1.027659e+01
	2.400000e+00	1.303345e+01
	0.000000e+00	1.127908e+01
	1.600000e+00	1.478782e+01
	3.400000e+00	1.478782e+01
	7.000000e-01	1.829656e+01
	0.000000e+00	1.553969e+01
	2.000000e-01	1.102846e+01
	2.000000e-01	1.654219e+01
	0.000000e+00	2.130405e+01
	4.000000e-01	1.403595e+01
	3.000000e-01	1.378532e+01
	6.800000e+00	2.180529e+01
	0.000000e+00	1.127908e+01
	1.250000e+01	2.005092e+01
	1.800000e+00	8.020970e+00
	4.900000e+00	2.556465e+01
	0.000000e+00	1.228158e+01
	0.000000e+00	2.005092e+01
	2.000000e-01	1.303345e+01
	4.240000e+01	9.498752e+01
	2.380000e+01	2.230654e+01
	0.000000e+00	5.514729e+00
	0.000000e+00	1.353470e+01
	0.000000e+00	1.303345e+01
	1.000000e-01	8.020970e+00
	1.930000e+01	2.832152e+01
	8.300000e+00	2.456216e+01
	1.110000e+01	1.854718e+01
	0.000000e+00	1.478782e+01
	0.000000e+00	8.020970e+00
	3.160000e+01	3.784523e+01
	4.900000e+00	1.754468e+01
	7.510000e+01	1.000000e+02
	6.000000e+00	9.023466e+00
	2.600000e+00	1.528907e+01
	3.000000e-01	6.767850e+00
	1.930000e+01	5.338392e+01
	0.000000e+00	2.180529e+01
	1.270000e+01	2.155467e+01
	2.000000e-01	7.770346e+00
	0.000000e+00	1.002596e+01
	0.000000e+00	1.579032e+01
	2.000000e-01	6.517226e+00
	8.000000e+00	3.258213e+01
	0.000000e+00	9.274090e+00
	9.100000e+00	2.656715e+01
	1.790000e+01	2.180529e+01
	1.490000e+01	1.954968e+01
	1.000000e+00	1.478782e+01
	1.000000e-01	1.152971e+01
	1.000000e-01	7.519722e+00
	5.000000e+00	1.478782e+01
	4.000000e-01	6.266602e+00
	0.000000e+00	1.879780e+01
	0.000000e+00	1.253220e+01
	0.000000e+00	8.020970e+00
	1.230000e+01	1.854718e+01
	9.000000e-01	1.303345e+01
	1.260000e+01	1.954968e+01
	8.600000e+00	1.278283e+01
	2.400000e+00	1.303345e+01
	0.000000e+00	1.203095e+01
	2.500000e+00	2.381029e+01
	6.600000e+00	1.779531e+01
	2.000000e-01	1.002596e+01
	3.020000e+01	2.105342e+01
	8.050000e+01	6.090265e+01
	0.000000e+00	9.524714e+00
	2.880000e+01	4.110335e+01
	1.780000e+01	8.345881e+01
	1.120000e+01	2.431153e+01
	0.000000e+00	1.729406e+01
	0.000000e+00	8.271594e+00
	1.630000e+01	2.631653e+01
	1.000000e-01	1.378532e+01
	2.000000e+00	9.524714e+00
	0.000000e+00	1.403595e+01
	1.070000e+01	1.453720e+01
	2.000000e-01	1.303345e+01
	1.000000e-01	1.528907e+01
	2.000000e-01	1.027659e+01
	0.000000e+00	1.002596e+01
	6.000000e+00	2.230654e+01
	4.500000e+00	1.428657e+01
	1.000000e-01	1.152971e+01
	8.000000e-01	1.077783e+01
	2.600000e+00	1.654219e+01
	0.000000e+00	1.604094e+01
	1.050000e+01	2.556465e+01
	4.000000e+00	1.679281e+01
	3.000000e-01	1.228158e+01
	2.310000e+01	1.579032e+01
	8.200000e+00	2.330904e+01
	1.100000e+01	2.155467e+01
	1.000000e-01	1.152971e+01
	1.000000e-01	1.403595e+01
	0.000000e+00	1.152971e+01
	9.980000e+01	1.000000e+02
	8.600000e+00	2.481278e+01
	3.600000e+00	1.854718e+01
	3.590000e+01	3.283275e+01
	1.400000e+00	1.604094e+01
	1.200000e+00	1.127908e+01
	6.000000e+00	1.929905e+01
	1.140000e+01	3.358462e+01
	0.000000e+00	1.178033e+01
	2.000000e-01	9.524714e+00
	8.500000e+00	1.328408e+01
	0.000000e+00	1.152971e+01
	1.000000e-01	1.102846e+01
	9.400000e+00	1.904843e+01
	0.000000e+00	1.178033e+01
	0.000000e+00	1.002596e+01
	0.000000e+00	5.514729e+00
	7.100000e+00	1.453720e+01
	0.000000e+00	1.178033e+01
	1.900000e+00	1.453720e+01
	9.860000e+01	4.761957e+01
	0.000000e+00	1.052721e+01
	6.600000e+00	1.002596e+01
	7.300000e+00	1.152971e+01
	1.200000e+01	1.328408e+01
	1.000000e-01	7.770346e+00
	1.730000e+01	2.381029e+01
	7.800000e+00	1.829656e+01
	1.200000e+00	1.428657e+01
	1.700000e+00	1.553969e+01
	1.080000e+01	2.456216e+01
	3.200000e+00	1.829656e+01
	0.000000e+00	1.077783e+01
	0.000000e+00	1.378532e+01
	7.940000e+01	4.210584e+01
	5.000000e-01	1.679281e+01
	1.500000e+00	1.804593e+01
	0.000000e+00	1.654219e+01
	0.000000e+00	1.052721e+01
	2.020000e+01	2.882277e+01
	1.000000e-01	1.102846e+01
	7.510000e+01	1.000000e+02
	0.000000e+00	1.228158e+01
	0.000000e+00	2.230654e+01
	0.000000e+00	1.253220e+01
	2.500000e+00	1.704344e+01
	2.400000e+00	1.002596e+01
	3.200000e+00	1.178033e+01
	0.000000e+00	1.428657e+01
	7.920000e+01	6.365951e+01
	5.000000e-01	6.767850e+00
	1.600000e+01	1.929905e+01
	4.300000e+00	8.271594e+00
	2.140000e+01	5.664204e+01
	0.000000e+00	1.152971e+01
	1.600000e+00	1.152971e+01
	0.000000e+00	1.077783e+01
	2.500000e+00	1.178033e+01
	4.200000e+00	2.305841e+01
	2.000000e-01	6.015977e+00
	2.510000e+01	3.007589e+01
	2.000000e-01	4.261609e+00
	4.100000e+00	1.077783e+01
	6.800000e+00	1.804593e+01
	2.300000e+00	1.403595e+01
	1.000000e-01	1.127908e+01
	8.300000e+00	3.533899e+01
	2.440000e+01	3.784523e+01
	1.740000e+01	4.010085e+01
	3.400000e+00	1.854718e+01
	1.600000e+00	8.020970e+00
	0.000000e+00	5.013481e+00
	1.000000e+00	1.228158e+01
	9.100000e+00	1.178033e+01
	6.000000e+00	1.428657e+01
	5.000000e+00	2.731902e+01
	4.400000e+00	2.005092e+01
	3.600000e+00	1.729406e+01
	1.630000e+01	2.180529e+01
	2.400000e+00	7.770346e+00
	1.600000e+00	8.772842e+00
	0.000000e+00	8.020970e+00
	0.000000e+00	1.127908e+01
	1.600000e+00	8.020970e+00
	8.000000e+00	1.629156e+01
	1.300000e+00	1.353470e+01
	1.500000e+00	8.271594e+00
	5.000000e-01	9.524714e+00
	2.000000e-01	1.228158e+01
	1.870000e+01	2.957464e+01
	1.600000e+00	2.005092e+01
	3.600000e+00	1.904843e+01
	3.000000e+00	1.027659e+01
	4.600000e+00	2.130405e+01
	1.450000e+01	2.782027e+01
	2.490000e+01	4.285771e+01
	1.020000e+01	3.208088e+01
	5.280000e+01	3.333400e+01
	2.010000e+01	3.709336e+01
	5.400000e+00	2.055217e+01
	1.500000e+00	1.804593e+01
	1.000000e-01	1.228158e+01
	2.500000e+00	1.829656e+01
	1.600000e+00	1.253220e+01
	0.000000e+00	9.023466e+00
	5.000000e-01	1.077783e+01
	0.000000e+00	9.775338e+00
	9.400000e+00	2.807089e+01
	5.600000e+00	2.982526e+01
	4.400000e+00	2.832152e+01
	5.110000e+01	3.007589e+01
	2.000000e+00	1.027659e+01
	1.200000e+00	8.522218e+00
	0.000000e+00	1.453720e+01
	1.600000e+00	8.020970e+00
	4.000000e-01	5.765353e+00
	1.240000e+01	1.804593e+01
	1.170000e+01	2.205592e+01
	0.000000e+00	1.353470e+01
	9.100000e+00	2.305841e+01
	2.800000e+00	1.052721e+01
	5.600000e+00	1.428657e+01
	5.000000e-01	8.522218e+00
	9.700000e+00	1.754468e+01
	2.320000e+01	2.907339e+01
	3.000000e-01	1.629156e+01
	0.000000e+00	1.353470e+01
	1.000000e-01	1.178033e+01
	3.200000e+00	1.804593e+01
	0.000000e+00	1.077783e+01
	3.300000e+00	1.353470e+01
	0.000000e+00	7.018474e+00
	0.000000e+00	1.854718e+01
	8.000000e-01	1.102846e+01
	3.600000e+00	1.729406e+01
	4.590000e+01	8.421068e+01
	0.000000e+00	1.203095e+01
	3.400000e+00	1.829656e+01
	8.600000e+00	1.604094e+01
	0.000000e+00	9.023466e+00
	0.000000e+00	1.428657e+01
	0.000000e+00	1.228158e+01
	1.300000e+00	1.378532e+01
	4.350000e+01	3.483774e+01
	0.000000e+00	8.772842e+00
	5.750000e+01	4.887269e+01
	0.000000e+00	9.023466e+00
	6.800000e+00	2.481278e+01
	7.100000e+00	1.077783e+01
	0.000000e+00	1.804593e+01
	2.000000e-01	7.269098e+00
	1.800000e+00	2.005092e+01
	4.900000e+00	2.130405e+01
	1.750000e+01	2.406091e+01
	1.000000e-01	1.052721e+01
	3.200000e+00	1.579032e+01
	1.000000e-01	1.178033e+01
	1.000000e+00	8.271594e+00
	1.000000e-01	1.353470e+01
	0.000000e+00	8.772842e+00
	0.000000e+00	1.303345e+01
	2.540000e+01	1.754468e+01
	8.700000e+00	1.278283e+01
	1.100000e+00	1.002596e+01
	5.180000e+01	6.741887e+01
	1.780000e+01	1.403595e+01
	4.300000e+00	1.604094e+01
	2.200000e+00	1.328408e+01
	8.000000e-01	1.203095e+01
	1.400000e+00	1.303345e+01
	3.080000e+01	2.731902e+01
	1.250000e+01	1.929905e+01
	0.000000e+00	1.102846e+01
	0.000000e+00	1.303345e+01
	6.000000e+00	1.127908e+01
	3.750000e+01	7.794508e+01
	3.600000e+00	1.203095e+01
	7.300000e+00	1.353470e+01
	3.700000e+00	2.080280e+01
	4.000000e+00	1.328408e+01
	4.400000e+00	1.553969e+01
	8.000000e+00	1.353470e+01
	0.000000e+00	1.228158e+01
	7.000000e+00	2.355966e+01
	0.000000e+00	1.152971e+01
	1.600000e+00	1.478782e+01
	0.000000e+00	1.002596e+01
	1.230000e+01	2.381029e+01
	2.100000e+00	2.005092e+01
	7.500000e+00	2.080280e+01
	0.000000e+00	9.274090e+00
	0.000000e+00	1.428657e+01
	2.010000e+01	1.904843e+01
	1.620000e+01	2.606590e+01
	1.490000e+01	1.729406e+01
	1.000000e+00	1.052721e+01
	8.000000e+00	1.579032e+01
	4.000000e+00	2.005092e+01
	0.000000e+00	6.767850e+00
	1.130000e+01	1.980030e+01
	1.200000e+00	1.754468e+01
	8.100000e+00	2.155467e+01
	1.600000e+00	1.027659e+01
	1.600000e+00	1.027659e+01
	7.800000e+00	1.604094e+01
	2.440000e+01	3.433650e+01
	1.000000e-01	1.052721e+01
	2.000000e-01	1.654219e+01
	1.200000e+00	2.080280e+01
	4.070000e+01	1.754468e+01
	2.500000e+00	1.203095e+01
	1.230000e+01	2.005092e+01
	2.500000e+00	1.102846e+01
	0.000000e+00	1.403595e+01
	0.000000e+00	8.271594e+00
	8.110000e+01	9.172941e+01
	7.600000e+00	1.052721e+01
	2.500000e+00	1.879780e+01
	0.000000e+00	1.378532e+01
	8.600000e+00	2.255717e+01
	9.910000e+01	5.739391e+01
	0.000000e+00	1.228158e+01
	1.050000e+01	1.253220e+01
	0.000000e+00	1.278283e+01
	0.000000e+00	1.378532e+01
	3.600000e+00	1.604094e+01
	9.300000e+00	2.030155e+01
	0.000000e+00	1.604094e+01
	7.000000e+00	1.704344e+01
	9.770000e+01	6.842137e+01
	0.000000e+00	1.503844e+01
	1.750000e+01	2.230654e+01
	0.000000e+00	1.102846e+01
	2.500000e+00	7.770346e+00
	1.340000e+01	3.308338e+01
	2.000000e-01	9.775338e+00
	6.600000e+00	1.102846e+01
	7.300000e+00	1.027659e+01
	1.930000e+01	4.761957e+01
	0.000000e+00	1.253220e+01
	0.000000e+00	1.127908e+01
	5.000000e-01	7.519722e+00
	0.000000e+00	1.428657e+01
	0.000000e+00	1.328408e+01
	0.000000e+00	1.027659e+01
	2.800000e+00	1.077783e+01
	1.100000e+00	1.228158e+01
	2.510000e+01	7.669196e+01
	1.000000e-01	8.271594e+00
	6.000000e-01	7.770346e+00
	0.000000e+00	1.002596e+01
	4.500000e+00	1.253220e+01
	1.120000e+01	2.431153e+01
	5.500000e+00	2.406091e+01
	1.000000e-01	1.178033e+01
	4.140000e+01	4.335896e+01
	2.000000e-01	1.002596e+01
	2.160000e+01	4.160459e+01
	7.800000e+00	1.829656e+01
	3.000000e-01	1.002596e+01
	5.600000e+00	1.528907e+01
	1.000000e-01	1.403595e+01
	1.140000e+01	2.005092e+01
	1.540000e+01	3.358462e+01
	1.000000e+00	1.002596e+01
	2.340000e+01	2.205592e+01
	5.000000e+00	1.729406e+01
	1.600000e+00	1.503844e+01
	0.000000e+00	1.253220e+01
	1.000000e-01	9.775338e+00
	1.490000e+01	2.957464e+01
	0.000000e+00	1.378532e+01
	1.200000e+00	1.328408e+01
	1.100000e+00	8.522218e+00
	3.000000e-01	8.772842e+00
	2.600000e+00	1.102846e+01
	0.000000e+00	6.767850e+00
	2.830000e+01	3.107838e+01
	3.600000e+00	1.077783e+01
	9.950000e+01	8.245632e+01
	2.800000e+00	1.804593e+01
	2.010000e+01	2.230654e+01
	0.000000e+00	1.152971e+01
	2.290000e+01	3.934898e+01
	1.700000e+00	9.524714e+00
	3.180000e+01	4.110335e+01
	2.200000e+00	1.553969e+01
	0.000000e+00	9.775338e+00
	6.000000e+00	2.280779e+01
	2.400000e+00	1.629156e+01
	8.400000e+00	1.604094e+01
	6.700000e+00	1.253220e+01
	1.000000e-01	2.381029e+01
	0.000000e+00	1.178033e+01
	7.300000e+00	1.478782e+01
	0.000000e+00	1.328408e+01
	2.000000e+00	8.772842e+00
	0.000000e+00	1.152971e+01
	3.200000e+00	1.453720e+01
	6.000000e-01	1.478782e+01
	1.000000e-01	1.077783e+01
	1.620000e+01	2.305841e+01
	9.760000e+01	7.218073e+01
	2.270000e+01	2.355966e+01
	1.000000e+00	1.328408e+01
	7.000000e-01	7.770346e+00
	0.000000e+00	1.679281e+01
	2.050000e+01	3.809586e+01
	3.800000e+00	1.528907e+01
	1.000000e-01	1.804593e+01
	9.200000e+00	1.528907e+01
	1.800000e+00	1.879780e+01
	5.700000e+00	3.734398e+01
	0.000000e+00	1.503844e+01
	1.400000e+00	1.228158e+01
	3.010000e+01	4.686770e+01
	2.000000e-01	1.102846e+01
	1.120000e+01	9.023466e+00
	1.600000e+00	2.180529e+01
	0.000000e+00	1.077783e+01
	2.940000e+01	2.957464e+01
	1.000000e-01	9.775338e+00
	0.000000e+00	5.514729e+00
	1.000000e-01	6.266602e+00
	2.400000e+00	1.854718e+01
	0.000000e+00	1.403595e+01
	6.000000e+00	1.829656e+01
	2.000000e+00	1.804593e+01
	0.000000e+00	1.729406e+01
	6.970000e+01	5.313330e+01
	0.000000e+00	1.278283e+01
	9.850000e+01	9.924813e+01
	3.500000e+00	1.754468e+01
	1.880000e+01	3.759461e+01
	6.750000e+01	2.155467e+01
	5.600000e+00	3.057714e+01
	3.720000e+01	4.661708e+01
	2.680000e+01	4.335896e+01
	3.800000e+00	1.102846e+01
	2.440000e+01	3.884773e+01
	1.780000e+01	5.538892e+01
	3.400000e+00	1.980030e+01
	6.800000e+01	1.000000e+02
	0.000000e+00	1.679281e+01
	1.200000e+01	2.230654e+01
	0.000000e+00	1.303345e+01
	0.000000e+00	1.228158e+01
	1.000000e-01	1.203095e+01
	1.300000e+01	1.779531e+01
	0.000000e+00	1.729406e+01
	1.540000e+01	2.556465e+01
	0.000000e+00	1.328408e+01
	1.370000e+01	6.741887e+01
	0.000000e+00	1.403595e+01
	0.000000e+00	7.269098e+00
	0.000000e+00	1.478782e+01
	0.000000e+00	1.704344e+01
	6.000000e+00	4.010085e+01
	1.070000e+01	1.002596e+01
	1.620000e+01	2.907339e+01
	2.830000e+01	2.230654e+01
	1.600000e+00	1.604094e+01
	1.000000e+00	1.353470e+01
	3.000000e-01	1.453720e+01
	9.990000e+01	5.764453e+01
	0.000000e+00	1.002596e+01
	3.500000e+01	5.488767e+01
	9.000000e-01	1.253220e+01
	8.300000e+00	1.127908e+01
	0.000000e+00	1.779531e+01
	1.070000e+01	1.579032e+01
	2.000000e-01	8.020970e+00
	2.000000e+00	8.772842e+00
	1.600000e+00	8.020970e+00
	7.000000e-01	1.027659e+01
	0.000000e+00	1.077783e+01
	1.490000e+01	2.456216e+01
	0.000000e+00	1.102846e+01
	6.700000e+00	1.854718e+01
	1.250000e+01	1.804593e+01
	0.000000e+00	1.152971e+01
	1.200000e+00	1.127908e+01
	3.900000e+01	4.210584e+01
	1.000000e+00	1.804593e+01
	2.000000e-01	1.378532e+01
	0.000000e+00	1.729406e+01
	1.700000e+01	3.508837e+01
	2.000000e-01	1.152971e+01
	1.580000e+01	1.929905e+01
	4.200000e+00	1.980030e+01
	2.400000e+00	1.553969e+01
	3.200000e+00	1.503844e+01
	0.000000e+00	1.629156e+01
	3.100000e+00	1.102846e+01
	5.500000e+00	1.428657e+01
	0.000000e+00	1.503844e+01
	5.000000e-01	7.770346e+00
	0.000000e+00	8.772842e+00
	0.000000e+00	1.553969e+01
	1.000000e-01	8.772842e+00
	0.000000e+00	1.253220e+01
	3.700000e+00	1.528907e+01
	9.500000e+00	2.581528e+01
	0.000000e+00	7.018474e+00
	3.300000e+00	9.775338e+00
	0.000000e+00	9.023466e+00
	0.000000e+00	1.654219e+01
	9.990000e+01	6.541388e+01
	0.000000e+00	1.779531e+01
	2.400000e+00	1.052721e+01
	0.000000e+00	7.269098e+00
	0.000000e+00	1.353470e+01
	3.220000e+01	2.280779e+01
	0.000000e+00	1.127908e+01
	0.000000e+00	9.274090e+00
	0.000000e+00	8.271594e+00
	4.240000e+01	5.338392e+01
	5.000000e-01	1.804593e+01
	2.010000e+01	1.804593e+01
	2.000000e+00	9.274090e+00
	2.700000e+00	1.353470e+01
	8.300000e+01	5.513829e+01
	7.000000e+00	2.205592e+01
	2.060000e+01	2.330904e+01
	1.400000e+00	1.879780e+01
	7.000000e-01	1.604094e+01
	5.800000e+00	1.654219e+01
	9.100000e+00	1.779531e+01
	1.480000e+01	2.506341e+01
	0.000000e+00	8.772842e+00
	0.000000e+00	1.729406e+01
	0.000000e+00	1.604094e+01
	2.410000e+01	2.681777e+01
	1.460000e+01	2.280779e+01
	3.700000e+00	1.904843e+01
	5.600000e+00	1.929905e+01
	1.350000e+01	2.706840e+01
	5.600000e+00	4.160459e+01
	0.000000e+00	1.027659e+01
	7.000000e+00	1.453720e+01
	4.940000e+01	9.147878e+01
	0.000000e+00	9.524714e+00
	2.500000e+00	1.879780e+01
	3.500000e+00	1.829656e+01
	1.290000e+01	3.057714e+01
	0.000000e+00	1.629156e+01
	5.100000e+00	2.731902e+01
	5.000000e-01	1.052721e+01
	1.800000e+00	1.428657e+01
	1.700000e+00	6.517226e+00
	4.000000e-01	6.767850e+00
	0.000000e+00	9.524714e+00
	3.000000e-01	1.077783e+01
	4.500000e+00	1.604094e+01
	0.000000e+00	1.253220e+01
	4.700000e+00	1.353470e+01
	1.000000e-01	1.052721e+01
	3.100000e+00	1.328408e+01
	0.000000e+00	1.629156e+01
	1.260000e+01	2.005092e+01
	8.700000e+00	2.155467e+01
	1.080000e+01	2.406091e+01
	2.310000e+01	3.258213e+01
	2.500000e+00	1.679281e+01
	1.200000e+00	1.228158e+01
	0.000000e+00	1.378532e+01
	1.540000e+01	3.508837e+01
	0.000000e+00	7.519722e+00
	1.520000e+01	2.030155e+01
	2.500000e+00	8.271594e+00
	3.240000e+01	5.162956e+01
	0.000000e+00	1.328408e+01
	3.400000e+00	1.729406e+01
	2.800000e+00	2.330904e+01
	7.100000e+00	2.055217e+01
	1.800000e+01	2.907339e+01
	0.000000e+00	9.274090e+00
	0.000000e+00	1.378532e+01
	8.200000e+00	4.135397e+01
	2.500000e+00	1.453720e+01
	3.580000e+01	3.157963e+01
	2.200000e+00	8.271594e+00
	9.000000e-01	1.980030e+01
	0.000000e+00	9.524714e+00
	9.400000e+00	2.556465e+01
	0.000000e+00	1.729406e+01
	4.200000e+00	1.228158e+01
	0.000000e+00	1.428657e+01
	0.000000e+00	1.629156e+01
	1.000000e-01	6.015977e+00
	1.200000e+00	1.102846e+01
	6.300000e+00	2.381029e+01
	2.240000e+01	2.155467e+01
	1.100000e+00	1.002596e+01
	0.000000e+00	8.020970e+00
	4.900000e+00	1.328408e+01
	6.870000e+01	1.854718e+01
	1.600000e+00	1.604094e+01
	3.800000e+00	1.654219e+01
	0.000000e+00	1.779531e+01
	2.900000e+01	4.812082e+01
	6.700000e+00	9.524714e+00
	7.000000e-01	1.328408e+01
	8.100000e+00	2.932402e+01
	5.700000e+00	1.553969e+01
	2.070000e+01	2.330904e+01
	8.000000e-01	1.604094e+01
	6.300000e+00	2.782027e+01
	8.600000e+00	1.553969e+01
	4.600000e+00	1.954968e+01
	0.000000e+00	1.303345e+01
	1.300000e+00	9.775338e+00
	1.210000e+01	2.581528e+01
	1.000000e+00	1.178033e+01
	2.000000e+00	9.524714e+00
	1.000000e-01	1.127908e+01
	1.100000e+00	1.278283e+01
	1.000000e-01	1.052721e+01
	5.600000e+00	3.759461e+01
	0.000000e+00	1.127908e+01
	1.090000e+01	1.278283e+01
	6.200000e+00	1.904843e+01
	9.300000e+00	1.478782e+01
	4.100000e+00	2.055217e+01
	7.600000e+00	2.932402e+01
	1.210000e+01	2.305841e+01
	0.000000e+00	2.080280e+01
	0.000000e+00	8.522218e+00
	1.000000e-01	1.102846e+01
	6.300000e+00	2.982526e+01
	2.500000e+00	3.157963e+01
	3.400000e+00	2.531403e+01
	7.100000e+00	2.055217e+01
	0.000000e+00	1.328408e+01
	6.400000e+00	1.654219e+01
	1.600000e+00	1.829656e+01
	1.000000e-01	1.102846e+01
	1.380000e+01	2.155467e+01
	1.000000e-01	8.271594e+00
	4.400000e+00	8.271594e+00
	9.000000e-01	1.303345e+01
	3.000000e-01	8.522218e+00
	2.000000e-01	1.553969e+01
	0.000000e+00	1.453720e+01
	7.230000e+01	3.809586e+01
	4.220000e+01	5.338392e+01
	1.400000e+00	1.503844e+01
	1.000000e-01	1.052721e+01
	3.600000e+00	1.904843e+01
	7.000000e-01	7.018474e+00
	1.800000e+00	8.020970e+00
	1.500000e+00	1.152971e+01
	2.460000e+01	2.255717e+01
	9.000000e-01	1.077783e+01
	5.500000e+00	1.779531e+01
	2.800000e+01	2.406091e+01
	0.000000e+00	1.654219e+01
	2.700000e+00	9.524714e+00
	1.000000e-01	1.478782e+01
	4.600000e+00	2.180529e+01
	2.200000e+00	1.178033e+01
	6.800000e+00	3.909835e+01
	0.000000e+00	1.328408e+01
	0.000000e+00	1.428657e+01
	0.000000e+00	1.278283e+01
	0.000000e+00	1.553969e+01
	0.000000e+00	7.519722e+00
	3.700000e+00	1.604094e+01
	0.000000e+00	1.879780e+01
	0.000000e+00	1.152971e+01
	5.900000e+00	1.503844e+01
	3.400000e+00	2.155467e+01
	8.000000e-01	1.228158e+01
	3.950000e+01	4.235647e+01
	0.000000e+00	1.077783e+01
	0.000000e+00	1.127908e+01
	5.700000e+00	1.804593e+01
	0.000000e+00	1.353470e+01
	2.300000e+00	1.879780e+01
	2.000000e-01	7.519722e+00
	1.320000e+01	1.654219e+01
	0.000000e+00	1.278283e+01
	4.210000e+01	3.308338e+01
	2.320000e+01	4.060210e+01
	0.000000e+00	1.378532e+01
	7.000000e-01	7.018474e+00
	0.000000e+00	1.102846e+01
	1.700000e+01	1.829656e+01
	5.900000e+00	1.553969e+01
	1.000000e-01	1.002596e+01
	0.000000e+00	1.328408e+01
	4.200000e+00	1.528907e+01
	5.900000e+00	1.704344e+01
	2.000000e-01	1.077783e+01
	1.400000e+00	1.779531e+01
	0.000000e+00	1.253220e+01
	4.600000e+00	7.519722e+00
	0.000000e+00	8.772842e+00
	9.000000e-01	2.205592e+01
	0.000000e+00	1.052721e+01
	1.200000e+00	1.002596e+01
	1.390000e+01	1.478782e+01
	8.000000e-01	1.102846e+01
	2.600000e+00	1.453720e+01
	1.900000e+00	9.524714e+00
	0.000000e+00	2.030155e+01
	0.000000e+00	1.253220e+01
	2.390000e+01	5.814578e+01
	0.000000e+00	1.804593e+01
	7.000000e-01	1.203095e+01
	0.000000e+00	7.269098e+00
	7.610000e+01	1.000000e+02
	0.000000e+00	7.018474e+00
	0.000000e+00	1.453720e+01
	3.900000e+00	8.271594e+00
	0.000000e+00	1.002596e+01
	0.000000e+00	9.524714e+00
	8.600000e+00	3.584024e+01
	2.130000e+01	3.208088e+01
	2.200000e+00	2.105342e+01
	0.000000e+00	6.266602e+00
	5.900000e+00	1.904843e+01
	9.980000e+01	9.423565e+01
	3.640000e+01	2.756965e+01
	1.000000e-01	1.102846e+01
	0.000000e+00	1.002596e+01
	1.790000e+01	2.882277e+01
	0.000000e+00	1.804593e+01
	9.930000e+01	4.987519e+01
	2.000000e-01	6.015977e+00
	0.000000e+00	1.278283e+01
	6.300000e+00	2.005092e+01
	2.000000e-01	1.453720e+01
	0.000000e+00	9.775338e+00
	4.200000e+00	1.453720e+01
	1.960000e+01	1.879780e+01
	1.500000e+00	1.027659e+01
	7.000000e+00	2.456216e+01
	1.000000e-01	1.152971e+01
	1.180000e+01	3.408587e+01
	2.500000e+00	1.203095e+01
	1.000000e-01	1.178033e+01
	1.100000e+00	1.077783e+01
	8.000000e-01	4.512233e+00
	4.300000e+00	2.681777e+01
	0.000000e+00	8.772842e+00
	3.100000e+00	1.453720e+01
	8.600000e+00	1.954968e+01
	3.600000e+01	3.809586e+01
	3.700000e+00	1.829656e+01
	0.000000e+00	8.271594e+00
	0.000000e+00	1.528907e+01
	0.000000e+00	2.055217e+01
	9.880000e+01	7.268198e+01
	0.000000e+00	1.052721e+01
	3.600000e+00	1.002596e+01
	1.000000e+00	2.305841e+01
	1.700000e+00	1.253220e+01
	0.000000e+00	1.002596e+01
	6.000000e+00	1.980030e+01
	6.000000e-01	1.579032e+01
	3.000000e-01	1.052721e+01
	0.000000e+00	9.023466e+00
	4.200000e+00	1.679281e+01
	7.000000e-01	9.775338e+00
	1.810000e+01	3.859711e+01
	0.000000e+00	8.271594e+00
	1.120000e+01	2.180529e+01
	0.000000e+00	1.278283e+01
	1.600000e+01	2.681777e+01
	0.000000e+00	6.767850e+00
	8.400000e+00	1.553969e+01
	1.020000e+01	1.604094e+01
	6.200000e+00	1.804593e+01
	1.500000e+01	3.834648e+01
	1.100000e+01	1.328408e+01
	0.000000e+00	1.353470e+01
	2.600000e+00	1.152971e+01
	7.380000e+01	4.837144e+01
	6.000000e+00	1.779531e+01
	2.000000e-01	1.152971e+01
	0.000000e+00	1.503844e+01
	2.500000e+00	1.980030e+01
	2.600000e+00	8.271594e+00
	2.400000e+00	1.704344e+01
	0.000000e+00	9.775338e+00
	1.420000e+01	1.052721e+01
	3.200000e+00	2.080280e+01
	0.000000e+00	7.018474e+00
	7.300000e+00	2.506341e+01
	6.200000e+00	1.704344e+01
	9.930000e+01	4.210584e+01
	0.000000e+00	1.002596e+01
	0.000000e+00	1.353470e+01
	2.260000e+01	6.867199e+01
	3.300000e+00	1.804593e+01
	2.570000e+01	3.132901e+01
	5.800000e+00	1.253220e+01
	5.900000e+00	2.531403e+01
	2.690000e+01	4.536395e+01
	2.600000e+00	6.266602e+00
	0.000000e+00	7.269098e+00
	5.500000e+00	2.255717e+01
	6.100000e+00	2.606590e+01
	7.500000e+00	1.102846e+01
	9.990000e+01	4.611583e+01
	0.000000e+00	7.269098e+00
	0.000000e+00	1.453720e+01
	4.000000e-01	1.077783e+01
	4.300000e+00	2.230654e+01
	0.000000e+00	1.027659e+01
	0.000000e+00	1.203095e+01
	0.000000e+00	1.353470e+01
	1.790000e+01	3.659211e+01
	2.000000e-01	1.403595e+01
	2.700000e+00	1.679281e+01
	9.080000e+01	1.000000e+02
	3.700000e+00	1.954968e+01
	2.400000e+00	1.002596e+01
	6.200000e+00	1.954968e+01
	0.000000e+00	1.378532e+01
	0.000000e+00	7.519722e+00
	1.600000e+00	1.303345e+01
	3.400000e+00	2.330904e+01
	0.000000e+00	1.278283e+01
