
Printing Grid of Parameters from Set Parameters
1	7300	1248	0.000000e+00	1.200000e+01	3.600006e+01	6.144942e-04	8.201997e+00	1.00 0.98 0.95  0 0 1	1
2	5900	2048	0.000000e+00	2.000000e+01	2.800007e+01	4.608221e-04	8.507157e+00	0.99 1.00 0.77  0 0 1	1
3	16900	9838	0.000000e+00	9.700000e+01	4.100006e+01	4.969232e-04	8.251669e+00	0.88 1.00 0.99  1 0 0	1
4	3800	9	0.000000e+00	0.000000e+00	9.000091e+00	1.987858e-02	6.013685e+00	0.08 0.00 0.06  1 1 1	1
5	34100	11	0.000000e+00	0.000000e+00	1.100009e+01	7.694689e-03	7.215472e+00	0.50 0.00 0.00  1 1 1	1
6	3300	2252	0.000000e+00	2.200000e+01	3.000007e+01	4.475638e-04	8.499135e+00	0.99 1.00 0.78  0 0 1	1
7	10400	15	0.000000e+00	0.000000e+00	1.500008e+01	2.241860e-02	5.565037e+00	0.75 0.00 0.32  1 1 1	1
8	8800	2051	0.000000e+00	2.000000e+01	3.100007e+01	4.449888e-04	8.491596e+00	1.00 1.00 0.86  0 0 1	1
9	10400	231	0.000000e+00	2.000000e+00	2.900007e+01	6.685598e-03	6.573351e+00	1.00 0.48 0.44  0 1 1	1
10	10400	126	0.000000e+00	1.000000e+00	2.500007e+01	6.935784e-03	6.452584e+00	1.00 0.37 0.51  0 1 1	1
11	16900	111	0.000000e+00	1.000000e+00	1.000009e+01	5.326306e-03	7.513967e+00	0.17 0.00 0.04  1 1 1	1
12	12900	618	0.000000e+00	6.000000e+00	1.200009e+01	8.765898e-04	8.418339e+00	0.87 1.00 0.66  1 0 1	1
13	11500	223	0.000000e+00	2.000000e+00	2.100008e+01	3.088993e-03	7.568522e+00	0.99 0.40 0.10  0 1 1	1
14	3000	1861	0.000000e+00	1.800000e+01	4.300006e+01	5.141588e-04	8.333923e+00	1.00 1.00 0.84  0 0 1	1
15	19400	209	0.000000e+00	2.000000e+00	7.000093e+00	4.393515e-03	7.894761e+00	0.16 0.25 0.23  1 1 1	1
16	15600	8	0.000000e+00	0.000000e+00	8.000092e+00	5.754132e-03	7.470124e+00	0.36 0.13 0.13  1 1 1	1
17	6500	947	0.000000e+00	9.000000e+00	3.800006e+01	1.293168e-03	7.990493e+00	1.00 0.89 0.84  0 1 1	1
18	25800	8344	0.000000e+00	8.200000e+01	6.200004e+01	4.024427e-04	8.454474e+00	1.00 1.00 0.97  0 0 0	1
19	29300	10137	0.000000e+00	1.000000e+02	3.700006e+01	5.426734e-04	8.194476e+00	0.84 1.00 0.99  1 0 0	1
20	5900	1444	0.000000e+00	1.400000e+01	3.000007e+01	5.423066e-04	8.463274e+00	1.00 1.00 0.86  0 0 1	1
21	2400	4	0.000000e+00	0.000000e+00	4.000096e+00	7.526479e-03	7.717377e+00	0.10 0.04 0.49  1 1 1	1
22	5100	9	0.000000e+00	0.000000e+00	9.000091e+00	6.648261e-03	7.357772e+00	0.46 0.00 0.02  1 1 1	1
23	16300	215	0.000000e+00	2.000000e+00	1.300009e+01	5.254872e-03	6.974949e+00	0.62 0.10 0.10  1 1 1	1
24	4400	219	0.000000e+00	2.000000e+00	1.700008e+01	4.095891e-03	7.284303e+00	0.97 0.43 0.03  0 1 1	1
25	15600	9833	0.000000e+00	9.700000e+01	3.600006e+01	6.072828e-04	8.187488e+00	0.84 1.00 0.99  1 0 0	1
26	16300	14	0.000000e+00	0.000000e+00	1.400009e+01	6.830946e-03	7.003242e+00	0.91 0.00 0.04  1 1 1	1
27	16300	416	0.000000e+00	4.000000e+00	1.200009e+01	1.036020e-03	8.410974e+00	0.91 0.97 0.34  1 0 1	1
28	5900	112	0.000000e+00	1.000000e+00	1.100009e+01	6.361892e-03	7.313244e+00	0.38 0.00 0.03  1 1 1	1
29	43500	2335	0.000000e+00	2.300000e+01	1.200009e+01	7.583043e-04	8.102191e+00	0.51 1.00 0.99  1 0 0	1
30	7300	735	0.000000e+00	7.000000e+00	2.800007e+01	9.582030e-04	8.133618e+00	1.00 0.93 0.75  0 1 1	1
31	8800	6	0.000000e+00	0.000000e+00	6.000094e+00	1.107440e-02	6.774924e+00	0.03 0.09 0.19  1 1 1	1
32	8300	532	0.000000e+00	5.000000e+00	2.700007e+01	4.681878e-03	7.338433e+00	0.91 0.22 0.09  1 1 1	1
33	8800	6	0.000000e+00	0.000000e+00	6.000094e+00	5.254634e-02	4.740034e+00	0.16 0.00 0.16  1 1 1	1
34	5900	107	0.000000e+00	1.000000e+00	6.000094e+00	5.139674e-03	7.861672e+00	0.07 0.24 0.28  1 1 1	1
35	29300	720	0.000000e+00	7.000000e+00	1.300009e+01	9.634550e-04	8.406912e+00	0.84 1.00 0.66  1 0 1	1
36	16300	208	0.000000e+00	2.000000e+00	6.000094e+00	3.363763e-03	7.969787e+00	0.05 0.29 0.40  1 1 1	1
37	5900	5	0.000000e+00	0.000000e+00	5.000095e+00	2.636449e-02	6.418729e+00	0.23 0.00 0.40  1 1 1	1
38	15600	218	0.000000e+00	2.000000e+00	1.600008e+01	7.655655e-03	7.225974e+00	0.56 0.45 0.31  1 1 1	1
39	6500	1455	0.000000e+00	1.400000e+01	4.100006e+01	8.939256e-04	8.091985e+00	1.00 0.94 0.80  0 1 1	1
40	9800	9157	0.000000e+00	9.000000e+01	6.700003e+01	3.972718e-04	8.472310e+00	1.00 1.00 0.98  0 0 0	1
41	16900	619	0.000000e+00	6.000000e+00	1.300009e+01	9.013167e-04	8.408881e+00	0.87 1.00 0.54  1 0 1	1
42	10400	9	0.000000e+00	0.000000e+00	9.000091e+00	9.316723e-03	6.497170e+00	0.47 0.24 0.10  1 1 1	1
43	6500	11	0.000000e+00	0.000000e+00	1.100009e+01	2.122608e-02	6.080777e+00	0.31 0.00 0.00  1 1 1	1
44	19400	1044	0.000000e+00	1.000000e+01	3.400007e+01	1.018154e-03	7.999303e+00	1.00 0.91 0.86  0 1 1	1
45	7300	113	0.000000e+00	1.000000e+00	1.200009e+01	3.450057e-03	7.441983e+00	0.69 0.23 0.08  1 1 1	1
46	1800	528	0.000000e+00	5.000000e+00	2.300008e+01	1.099000e-03	8.196916e+00	1.00 0.85 0.32  0 1 1	1
47	29300	2551	0.000000e+00	2.500000e+01	2.600007e+01	5.031405e-04	8.471164e+00	0.96 1.00 0.93  0 0 1	1
48	38700	523	0.000000e+00	5.000000e+00	1.800008e+01	1.164096e-03	8.388325e+00	0.99 1.00 0.73  0 0 1	1
49	16900	214	0.000000e+00	2.000000e+00	1.200009e+01	4.408865e-03	7.725114e+00	0.22 0.27 0.22  1 1 1	1
50	25800	1126	0.000000e+00	1.100000e+01	1.500008e+01	7.180099e-04	8.408352e+00	0.85 1.00 0.80  1 0 1	1
51	11600	417	0.000000e+00	4.000000e+00	1.300009e+01	1.966791e-03	8.327110e+00	0.78 0.18 0.11  1 1 1	1
52	11600	216	0.000000e+00	2.000000e+00	1.400009e+01	2.457224e-03	8.188615e+00	0.85 0.26 0.09  1 1 1	1
53	22700	9	0.000000e+00	0.000000e+00	9.000091e+00	3.265670e-03	7.974902e+00	0.55 0.17 0.03  1 1 1	1
54	7300	8	0.000000e+00	0.000000e+00	8.000092e+00	2.283542e-02	5.873889e+00	0.62 0.00 0.08  1 1 1	1
55	5900	113	0.000000e+00	1.000000e+00	1.200009e+01	1.099078e-02	6.508088e+00	0.13 0.33 0.10  1 1 1	1
56	16300	1754	0.000000e+00	1.700000e+01	3.700006e+01	6.447590e-04	8.354419e+00	1.00 1.00 0.79  0 0 1	1
57	2700	732	0.000000e+00	7.000000e+00	2.500007e+01	9.200375e-04	8.165118e+00	1.00 0.96 0.92  0 0 1	1
58	4300	227	0.000000e+00	2.000000e+00	2.500007e+01	8.764259e-03	5.892986e+00	0.99 0.83 0.82  0 1 1	1
59	12900	8	0.000000e+00	0.000000e+00	8.000092e+00	1.018832e-01	4.370872e+00	0.39 0.00 0.37  1 1 1	1
60	16900	1665	0.000000e+00	1.600000e+01	4.900005e+01	2.066126e-03	7.675626e+00	1.00 0.89 0.83  0 1 1	1
61	16300	9	0.000000e+00	0.000000e+00	9.000091e+00	2.728090e-03	7.896611e+00	0.60 0.24 0.05  1 1 1	1
62	16300	114	0.000000e+00	1.000000e+00	1.300009e+01	3.095990e-03	7.599314e+00	0.76 0.36 0.02  1 1 1	1
63	16900	215	0.000000e+00	2.000000e+00	1.300009e+01	3.105264e-03	7.785034e+00	0.61 0.37 0.11  1 1 1	1
64	16300	12	0.000000e+00	0.000000e+00	1.200009e+01	3.525142e-02	4.682588e+00	0.51 0.00 0.04  1 1 1	1
65	10400	208	0.000000e+00	2.000000e+00	6.000094e+00	3.163620e-03	7.943372e+00	0.03 0.19 0.41  1 1 1	1
66	6500	2083	0.000000e+00	2.000000e+01	6.300004e+01	9.042316e-04	7.802436e+00	1.00 0.96 0.98  0 0 0	1
67	34100	5389	0.000000e+00	5.300000e+01	3.600006e+01	4.328760e-04	8.409416e+00	0.94 1.00 0.94  1 0 1	1
68	22700	3895	0.000000e+00	3.800000e+01	5.700004e+01	4.238956e-04	8.406473e+00	1.00 1.00 0.99  0 0 0	1
69	10400	526	0.000000e+00	5.000000e+00	2.100008e+01	8.734843e-04	8.255559e+00	1.00 0.94 0.49  0 1 1	1
70	2400	1948	0.000000e+00	1.900000e+01	2.900007e+01	4.663411e-04	8.490703e+00	0.99 1.00 0.67  0 0 1	1
71	16300	423	0.000000e+00	4.000000e+00	1.900008e+01	1.935931e-03	7.916603e+00	0.98 0.57 0.15  0 1 1	1
72	25800	5	0.000000e+00	0.000000e+00	5.000095e+00	1.120314e-02	7.431288e+00	0.15 0.13 0.32  1 1 1	1
73	7300	5	0.000000e+00	0.000000e+00	5.000095e+00	1.116330e-02	7.319148e+00	0.12 0.06 0.36  1 1 1	1
74	16300	221	0.000000e+00	2.000000e+00	1.900008e+01	3.866191e-03	7.310259e+00	0.99 0.45 0.27  0 1 1	1
75	8800	216	0.000000e+00	2.000000e+00	1.400009e+01	1.091562e-02	6.614277e+00	0.17 0.22 0.09  1 1 1	1
76	3600	331	0.000000e+00	3.000000e+00	2.800007e+01	3.021941e-03	7.251414e+00	1.00 0.68 0.45  0 1 1	1
77	12900	121	0.000000e+00	1.000000e+00	2.000008e+01	2.383943e-02	5.142359e+00	0.53 0.00 0.09  1 1 1	1
78	16300	216	0.000000e+00	2.000000e+00	1.400009e+01	2.157606e-03	7.859718e+00	0.93 0.49 0.14  1 1 1	1
79	7300	1844	0.000000e+00	1.800000e+01	2.600007e+01	4.670290e-04	8.496577e+00	0.99 1.00 0.89  0 0 1	1
80	1600	925	0.000000e+00	9.000000e+00	1.600008e+01	7.577116e-04	8.462263e+00	0.92 1.00 0.49  1 0 1	1
81	6500	228	0.000000e+00	2.000000e+00	2.600007e+01	5.391192e-03	6.648057e+00	1.00 0.23 0.47  0 1 1	1
82	29300	1222	0.000000e+00	1.200000e+01	1.000009e+01	6.272696e-04	8.175698e+00	0.66 1.00 0.98  1 0 0	1
83	10400	316	0.000000e+00	3.000000e+00	1.300009e+01	9.833098e-04	8.376799e+00	0.99 0.97 0.50  0 0 1	1
84	34100	5	0.000000e+00	0.000000e+00	5.000095e+00	2.070447e-02	7.358305e+00	0.12 0.00 0.11  1 1 1	1
85	6500	114	0.000000e+00	1.000000e+00	1.300009e+01	3.842752e-03	7.223465e+00	0.96 0.59 0.26  0 1 1	1
86	4400	117	0.000000e+00	1.000000e+00	1.600008e+01	3.062240e-03	7.580556e+00	0.99 0.69 0.33  0 1 1	1
87	34100	615	0.000000e+00	6.000000e+00	9.000091e+00	1.017905e-03	8.252573e+00	0.68 1.00 0.86  1 0 1	1
88	22700	728	0.000000e+00	7.000000e+00	2.100008e+01	1.234836e-03	8.259869e+00	0.99 0.92 0.29  0 1 1	1
89	19300	1227	0.000000e+00	1.200000e+01	1.500008e+01	6.069683e-04	8.386061e+00	0.86 1.00 0.84  1 0 1	1
90	16300	215	0.000000e+00	2.000000e+00	1.300009e+01	4.733108e-03	7.353603e+00	0.45 0.20 0.01  1 1 1	1
91	12900	217	0.000000e+00	2.000000e+00	1.500008e+01	5.481056e-03	7.432267e+00	0.67 0.34 0.05  1 1 1	1
92	3000	5	0.000000e+00	0.000000e+00	5.000095e+00	5.078598e-02	4.811022e+00	0.23 0.00 0.54  1 1 1	1
93	7300	212	0.000000e+00	2.000000e+00	1.000009e+01	1.996791e-03	8.100021e+00	0.77 0.66 0.21  1 1 1	1
94	22700	3147	0.000000e+00	3.100000e+01	1.600008e+01	5.393932e-04	8.159666e+00	0.72 1.00 0.99  1 0 0	1
95	16300	215	0.000000e+00	2.000000e+00	1.300009e+01	2.936018e-03	7.756401e+00	0.72 0.46 0.11  1 1 1	1
96	16900	10	0.000000e+00	0.000000e+00	1.000009e+01	7.815369e-03	6.953347e+00	0.44 0.09 0.01  1 1 1	1
97	12900	727	0.000000e+00	7.000000e+00	2.000008e+01	6.105720e-04	8.429621e+00	1.00 1.00 0.69  0 0 1	1
98	16300	10067	0.000000e+00	9.900000e+01	6.800003e+01	4.483628e-04	8.428005e+00	1.00 1.00 0.99  0 0 0	1
99	16300	214	0.000000e+00	2.000000e+00	1.200009e+01	9.628097e-04	8.342345e+00	0.99 0.94 0.26  0 1 1	1
100	11600	8318	0.000000e+00	8.200000e+01	3.600006e+01	5.922600e-04	8.237277e+00	0.88 1.00 0.97  1 0 0	1
