       8 
      32 
       6 
      29 
      18 
      15 
      15 
      30 
       9 
      29 
      11 
       6 
      21 
      10 
       4 
      11 
       5 
      17 
      19 
      11 
      14 
       9 
      13 
       8 
      10 
      15 
       8 
       6 
       8 
       6 
      20 
      19 
      29 
      11 
      28 
       6 
       8 
      11 
       8 
      13 
      16 
      31 
      13 
       5 
       8 
      10 
      12 
       8 
      15 
       6 
      14 
      13 
      12 
      10 
      13 
      18 
      28 
      10 
      12 
      14 
      13 
       5 
      17 
       7 
       4 
      21 
      26 
       7 
      28 
       4 
      17 
      10 
      20 
       5 
      18 
       6 
       5 
       5 
       3 
       9 
      10 
       7 
       4 
      23 
      10 
      13 
       6 
      26 
      20 
      20 
      14 
       6 
      17 
       8 
      27 
       3 
      12 
      33 
      12 
      12 
       8 
       7 
       3 
      23 
      22 
      19 
       3 
      12 
      12 
      16 
      19 
      12 
       5 
      11 
       3 
       9 
       7 
      15 
      10 
      10 
      10 
      35 
       8 
       7 
      17 
      11 
      17 
      14 
      11 
       5 
      24 
      16 
       6 
       8 
      10 
      10 
       6 
      12 
       3 
       4 
       5 
      55 
       9 
       8 
       7 
      25 
       4 
      12 
       3 
       2 
      13 
      10 
      43 
       4 
       4 
       8 
      18 
       8 
       8 
       8 
      21 
      19 
      13 
      12 
       9 
       9 
       7 
      17 
      23 
       5 
       7 
       4 
       5 
       6 
      11 
       5 
      16 
      16 
       4 
      11 
       8 
       3 
      17 
      70 
      22 
       4 
      48 
       8 
      20 
      14 
      22 
       5 
       7 
      12 
      16 
       7 
      15 
       9 
       6 
      13 
      38 
       5 
       4 
      18 
      15 
      10 
       4 
       7 
      10 
      27 
      14 
      27 
      12 
      24 
      16 
       3 
      16 
      11 
      25 
      11 
      11 
      21 
      11 
       9 
      20 
      16 
       7 
      45 
      21 
      18 
      20 
      28 
      29 
      47 
      46 
      23 
      20 
      14 
      28 
      37 
       4 
       7 
      20 
      42 
      11 
      13 
      16 
      45 
      42 
       4 
      21 
      23 
       3 
      14 
      42 
      11 
       5 
      17 
      15 
       8 
      15 
       4 
      14 
      40 
       6 
       7 
      18 
      12 
      11 
      23 
       7 
      21 
      13 
      31 
       7 
      23 
      31 
      16 
      21 
       9 
       5 
       4 
       5 
       3 
      15 
       2 
       6 
      27 
      10 
      10 
      33 
      14 
       6 
      24 
       7 
      11 
       8 
      19 
      13 
       5 
       6 
       9 
      11 
      23 
      13 
      11 
      23 
       8 
      74 
      10 
       7 
       2 
       5 
      27 
      13 
       8 
       3 
      23 
      11 
      15 
       2 
      41 
      15 
       7 
       9 
      12 
      17 
      41 
       3 
       9 
       6 
      15 
       9 
      12 
       7 
       6 
      23 
      44 
      15 
      26 
      20 
      17 
       7 
      30 
      35 
      12 
      18 
      24 
      50 
       9 
      27 
      11 
      44 
      11 
      30 
       4 
      33 
       8 
      11 
      13 
      12 
       9 
      28 
       4 
       8 
      13 
       3 
       9 
      15 
      34 
      26 
       5 
       5 
       6 
      22 
       8 
      43 
      10 
       3 
      10 
      17 
      16 
      19 
      10 
       8 
      20 
      41 
      13 
      26 
      31 
      13 
      13 
      24 
       8 
      29 
      53 
      14 
      12 
      38 
      11 
      16 
       9 
      11 
      23 
      19 
      12 
      15 
       9 
       9 
      35 
      33 
       4 
      15 
      31 
       2 
       9 
       7 
       9 
      27 
      16 
      38 
      33 
       9 
       6 
      12 
      17 
      12 
      39 
      13 
       9 
      15 
      29 
       8 
      12 
      20 
       5 
      13 
       7 
      30 
      17 
      14 
      24 
      32 
      35 
      17 
       7 
       5 
       5 
      31 
      11 
      34 
       8 
      21 
       2 
      11 
      19 
       3 
       5 
      15 
       6 
       7 
      22 
      20 
      16 
       6 
      13 
      16 
      25 
      11 
      10 
       3 
       7 
      21 
       6 
       2 
      13 
      12 
       5 
      10 
      11 
       4 
      25 
      28 
      26 
      19 
       5 
      21 
      22 
       6 
      11 
       7 
      19 
      15 
      14 
       5 
      18 
       5 
       7 
      15 
      17 
      12 
      30 
       9 
      25 
      26 
      18 
      13 
       9 
      16 
       8 
      10 
      35 
      17 
       3 
       2 
      27 
       8 
      29 
      12 
       7 
      49 
       8 
      24 
      15 
      21 
       8 
      12 
      17 
      17 
      13 
      17 
      48 
      12 
      35 
      14 
       7 
      11 
       9 
      16 
       5 
      13 
      16 
      22 
       9 
       6 
      17 
       2 
      11 
      18 
      18 
       7 
      20 
       9 
       7 
      19 
      33 
      28 
       3 
       5 
      36 
      10 
       4 
      14 
       9 
      44 
       9 
       3 
      19 
      23 
      15 
       9 
       3 
       8 
       7 
       4 
      13 
      15 
       9 
      14 
       4 
      13 
      27 
       7 
       8 
      14 
      28 
      24 
      14 
      12 
      35 
      31 
      16 
      13 
       9 
      10 
       9 
      15 
       5 
      15 
       4 
      25 
      10 
      18 
       5 
       7 
      11 
      11 
       6 
      24 
      22 
       9 
      21 
       6 
       9 
       6 
      32 
       7 
      25 
       8 
       9 
      42 
       7 
      17 
       9 
      23 
       3 
      13 
      13 
       4 
       8 
      12 
      13 
       7 
      10 
       4 
      49 
      25 
      11 
       2 
       7 
       8 
      12 
      11 
      14 
      16 
      25 
      33 
      11 
       8 
       5 
      12 
      22 
      14 
       8 
      10 
      21 
      23 
      15 
      17 
      31 
       8 
      18 
       7 
      18 
      19 
       4 
      16 
      19 
      20 
       9 
       4 
      18 
      18 
       6 
      24 
      45 
      47 
      30 
      22 
       9 
      11 
      51 
       8 
       6 
      22 
      31 
      10 
      15 
      68 
      31 
       9 
       5 
       4 
      13 
       8 
      12 
       5 
      21 
      24 
      34 
      21 
      10 
      11 
      12 
      13 
      13 
      13 
       3 
      13 
      18 
      31 
      21 
       4 
       3 
      29 
       8 
       9 
      13 
      19 
      27 
       8 
      10 
       2 
       9 
      10 
      17 
      18 
      24 
      18 
      27 
       6 
       7 
      19 
      11 
       9 
       3 
      13 
       6 
       4 
       2 
      28 
      14 
      29 
      40 
      30 
      15 
      20 
      43 
      14 
      10 
      20 
      18 
      12 
      34 
       4 
       5 
      22 
      14 
      28 
      20 
      41 
      27 
      14 
       5 
       7 
      16 
      19 
      12 
      24 
       6 
       9 
       4 
      13 
      14 
      18 
      12 
      19 
      17 
      17 
      23 
      13 
      18 
      17 
      17 
      10 
      33 
      23 
      20 
      15 
      16 
       9 
      20 
      25 
      12 
      21 
      11 
      18 
       5 
      11 
      14 
      24 
      12 
       9 
      18 
      21 
       6 
      37 
      12 
       8 
       5 
      28 
      10 
      22 
      20 
      17 
      20 
       9 
      30 
       8 
       8 
      66 
       5 
      25 
       5 
       5 
      12 
       2 
      17 
      73 
      11 
      30 
       2 
       9 
      37 
      19 
      12 
       4 
      18 
      16 
      23 
      10 
      25 
      10 
       5 
      35 
       5 
      30 
      10 
       9 
      21 
       8 
       7 
      26 
      14 
       7 
      35 
      26 
      35 
      17 
       4 
      22 
      16 
      16 
      17 
       9 
       3 
      29 
      19 
       7 
       9 
      23 
      14 
      23 
      21 
       8 
      18 
      12 
      19 
      31 
      14 
       5 
      21 
       9 
      28 
      63 
      45 
      47 
       8 
      39 
      11 
      16 
      12 
       8 
       7 
      15 
      13 
       7 
      10 
      12 
      18 
      12 
      20 
       8 
      12 
      19 
      11 
      10 
       7 
      19 
       4 
      15 
      19 
      10 
      22 
      15 
       5 
       5 
       3 
      31 
      22 
      14 
      16 
      31 
       3 
      15 
      25 
      17 
      10 
      34 
      12 
      29 
       5 
      49 
      11 
      31 
      26 
      10 
       6 
      13 
      12 
       3 
      24 
       4 
       7 
      31 
      20 
      17 
      16 
      16 
      27 
      11 
      23 
       9 
      25 
      15 
      15 
      24 
       4 
      17 
      10 
      23 
       3 
      11 
      27 
      10 
       7 
      10 
      32 
       9 
      21 
      25 
       8 
      14 
      12 
      36 
       9 
      15 
      18 
      32 
      19 
      15 
      30 
      13 
      16 
      26 
      26 
      15 
      12 
       5 
      38 
      19 
       7 
       7 
      16 
       5 
       4 
      15 
      10 
      11 
       9 
