0.000000e+00	0.000000e+00	1.821145e+03	2.885999e+03 1.290164e+03 8.243375e+02
0.000000e+00	1.111111e+00	1.290170e+03	3.033220e+03 1.237103e+03 7.301768e+02
0.000000e+00	2.222222e+00	1.064391e+03	3.107627e+03 1.229391e+03 6.634818e+02
0.000000e+00	3.333333e+00	9.224840e+02	3.196080e+03 1.161219e+03 6.432009e+02
0.000000e+00	4.444444e+00	8.209862e+02	3.259322e+03 1.135184e+03 6.059945e+02
0.000000e+00	5.555556e+00	7.473323e+02	3.293702e+03 1.128383e+03 5.784145e+02
0.000000e+00	6.666667e+00	6.836959e+02	3.344188e+03 1.096056e+03 5.602562e+02
0.000000e+00	7.777778e+00	6.341632e+02	3.369269e+03 1.090755e+03 5.404755e+02
0.000000e+00	8.888889e+00	5.938638e+02	3.401614e+03 1.079569e+03 5.193163e+02
0.000000e+00	1.000000e+01	5.575284e+02	3.429373e+03 1.053858e+03 5.172688e+02
