0.000000e+00	0.000000e+00	1.000000e-03	-5.093453e+02	1.118127e-221
0.000000e+00	0.000000e+00	1.111200e+01	-4.099035e+01	2.834261e-18
0.000000e+00	0.000000e+00	2.222300e+01	-4.688278e+01	7.823312e-21
0.000000e+00	0.000000e+00	3.333400e+01	-6.859607e+01	2.906882e-30
0.000000e+00	0.000000e+00	4.444500e+01	-9.678702e+01	1.660560e-42
0.000000e+00	0.000000e+00	5.555600e+01	-1.285274e+02	2.726300e-56
0.000000e+00	0.000000e+00	6.666700e+01	-1.625129e+02	4.740741e-71
0.000000e+00	0.000000e+00	7.777800e+01	-1.980478e+02	1.750831e-86
0.000000e+00	0.000000e+00	8.888900e+01	-2.347167e+02	2.080361e-102
0.000000e+00	0.000000e+00	1.000000e+02	-2.722518e+02	1.039617e-118
0.000000e+00	1.010000e+01	1.000000e-03	-5.433427e+02	2.299895e-236
0.000000e+00	1.010000e+01	1.111200e+01	-4.905469e+01	1.067216e-21
0.000000e+00	1.010000e+01	2.222300e+01	-2.901403e+01	5.392609e-13
0.000000e+00	1.010000e+01	3.333400e+01	-2.479424e+01	3.668018e-11
0.000000e+00	1.010000e+01	4.444500e+01	-2.705210e+01	3.835786e-12
0.000000e+00	1.010000e+01	5.555600e+01	-3.285942e+01	1.152840e-14
0.000000e+00	1.010000e+01	6.666700e+01	-4.091186e+01	3.669759e-18
0.000000e+00	1.010000e+01	7.777800e+01	-5.051365e+01	2.481026e-22
0.000000e+00	1.010000e+01	8.888900e+01	-6.124948e+01	5.396617e-27
0.000000e+00	1.010000e+01	1.000000e+02	-7.285144e+01	4.936874e-32
0.000000e+00	2.020000e+01	1.000000e-03	-5.569764e+02	2.854709e-242
0.000000e+00	2.020000e+01	1.111200e+01	-5.807282e+01	1.338566e-25
0.000000e+00	2.020000e+01	2.222300e+01	-3.341656e+01	6.834711e-15
0.000000e+00	2.020000e+01	3.333400e+01	-2.458116e+01	4.697712e-11
0.000000e+00	2.020000e+01	4.444500e+01	-2.222341e+01	4.964128e-10
0.000000e+00	2.020000e+01	5.555600e+01	-2.341511e+01	1.507618e-10
0.000000e+00	2.020000e+01	6.666700e+01	-2.685195e+01	4.849462e-12
0.000000e+00	2.020000e+01	7.777800e+01	-3.183813e+01	3.312997e-14
0.000000e+00	2.020000e+01	8.888900e+01	-3.795835e+01	7.281905e-17
0.000000e+00	2.020000e+01	1.000000e+02	-4.494471e+01	6.731458e-20
0.000000e+00	3.030000e+01	1.000000e-03	-5.663996e+02	2.259489e-246
0.000000e+00	3.030000e+01	1.111200e+01	-6.513487e+01	1.123411e-28
0.000000e+00	3.030000e+01	2.222300e+01	-3.811741e+01	6.082316e-17
0.000000e+00	3.030000e+01	3.333400e+01	-2.692083e+01	4.432874e-12
0.000000e+00	3.030000e+01	4.444500e+01	-2.220189e+01	4.966978e-10
0.000000e+00	3.030000e+01	5.555600e+01	-2.103241e+01	1.599525e-09
0.000000e+00	3.030000e+01	6.666700e+01	-2.210806e+01	5.455609e-10
0.000000e+00	3.030000e+01	7.777800e+01	-2.473306e+01	3.952037e-11
0.000000e+00	3.030000e+01	8.888900e+01	-2.849209e+01	9.210753e-13
0.000000e+00	3.030000e+01	1.000000e+02	-3.311726e+01	9.028373e-15
0.000000e+00	4.040000e+01	1.000000e-03	-5.739884e+02	1.122079e-249
0.000000e+00	4.040000e+01	1.111200e+01	-7.120602e+01	2.544785e-31
0.000000e+00	4.040000e+01	2.222300e+01	-4.267094e+01	6.284647e-19
0.000000e+00	4.040000e+01	3.333400e+01	-2.995672e+01	2.089281e-13
0.000000e+00	4.040000e+01	4.444500e+01	-2.372015e+01	1.067832e-10
0.000000e+00	4.040000e+01	5.555600e+01	-2.103304e+01	1.568561e-09
0.000000e+00	4.040000e+01	6.666700e+01	-2.059105e+01	2.440355e-09
0.000000e+00	4.040000e+01	7.777800e+01	-2.169842e+01	8.063624e-10
0.000000e+00	4.040000e+01	8.888900e+01	-2.393982e+01	8.572429e-11
0.000000e+00	4.040000e+01	1.000000e+02	-2.704735e+01	3.832814e-12
0.000000e+00	5.050000e+01	1.000000e-03	-5.801043e+02	2.318896e-252
0.000000e+00	5.050000e+01	1.111200e+01	-7.625677e+01	1.525806e-33
0.000000e+00	5.050000e+01	2.222300e+01	-4.665653e+01	1.093250e-20
0.000000e+00	5.050000e+01	3.333400e+01	-3.287716e+01	1.054450e-14
0.000000e+00	5.050000e+01	4.444500e+01	-2.557544e+01	1.563589e-11
0.000000e+00	5.050000e+01	5.555600e+01	-2.182317e+01	6.663636e-10
0.000000e+00	5.050000e+01	6.666700e+01	-2.031603e+01	3.007831e-09
0.000000e+00	5.050000e+01	7.777800e+01	-2.035824e+01	2.883507e-09
0.000000e+00	5.050000e+01	8.888900e+01	-2.153449e+01	8.893754e-10
0.000000e+00	5.050000e+01	1.000000e+02	-2.357687e+01	1.153691e-10
0.000000e+00	6.060000e+01	1.000000e-03	-5.853387e+02	1.217022e-254
0.000000e+00	6.060000e+01	1.111200e+01	-8.067978e+01	1.802478e-35
0.000000e+00	6.060000e+01	2.222300e+01	-5.026821e+01	2.906993e-22
0.000000e+00	6.060000e+01	3.333400e+01	-3.567752e+01	6.311082e-16
0.000000e+00	6.060000e+01	4.444500e+01	-2.756447e+01	2.106465e-12
0.000000e+00	6.060000e+01	5.555600e+01	-2.300088e+01	2.020674e-10
0.000000e+00	6.060000e+01	6.666700e+01	-2.068242e+01	2.053015e-09
0.000000e+00	6.060000e+01	7.777800e+01	-1.991331e+01	4.430098e-09
0.000000e+00	6.060000e+01	8.888900e+01	-2.027822e+01	3.075608e-09
0.000000e+00	6.060000e+01	1.000000e+02	-2.150928e+01	8.980256e-10
0.000000e+00	7.070000e+01	1.000000e-03	-5.900018e+02	1.201815e-256
0.000000e+00	7.070000e+01	1.111200e+01	-8.469947e+01	3.387228e-37
0.000000e+00	7.070000e+01	2.222300e+01	-5.364448e+01	1.039570e-23
0.000000e+00	7.070000e+01	3.333400e+01	-3.841036e+01	4.294859e-17
0.000000e+00	7.070000e+01	4.444500e+01	-2.965389e+01	2.727938e-13
0.000000e+00	7.070000e+01	5.555600e+01	-2.444688e+01	4.979800e-11
0.000000e+00	7.070000e+01	6.666700e+01	-2.148499e+01	9.628154e-10
0.000000e+00	7.070000e+01	7.777800e+01	-2.007245e+01	3.953662e-09
0.000000e+00	7.070000e+01	8.888900e+01	-1.979395e+01	5.223390e-09
0.000000e+00	7.070000e+01	1.000000e+02	-2.038158e+01	2.902322e-09
0.000000e+00	8.080000e+01	1.000000e-03	-5.941464e+02	1.851625e-258
0.000000e+00	8.080000e+01	1.111200e+01	-8.832252e+01	8.791826e-39
0.000000e+00	8.080000e+01	2.222300e+01	-5.674595e+01	4.545768e-25
0.000000e+00	8.080000e+01	3.333400e+01	-4.099025e+01	3.163890e-18
0.000000e+00	8.080000e+01	4.444500e+01	-3.171221e+01	3.385525e-14
0.000000e+00	8.080000e+01	5.555600e+01	-2.598361e+01	1.041172e-11
0.000000e+00	8.080000e+01	6.666700e+01	-2.250015e+01	3.391350e-10
0.000000e+00	8.080000e+01	7.777800e+01	-2.056603e+01	2.346108e-09
0.000000e+00	8.080000e+01	8.888900e+01	-1.976595e+01	5.221796e-09
0.000000e+00	8.080000e+01	1.000000e+02	-1.983200e+01	4.888009e-09
0.000000e+00	9.090000e+01	1.000000e-03	-5.978982e+02	4.377017e-260
0.000000e+00	9.090000e+01	1.111200e+01	-9.164069e+01	3.206443e-40
0.000000e+00	9.090000e+01	2.222300e+01	-5.963050e+01	2.557826e-26
0.000000e+00	9.090000e+01	3.333400e+01	-4.344118e+01	2.746658e-19
0.000000e+00	9.090000e+01	4.444500e+01	-3.372951e+01	4.534490e-15
0.000000e+00	9.090000e+01	5.555600e+01	-2.756729e+01	2.151514e-12
0.000000e+00	9.090000e+01	6.666700e+01	-2.365021e+01	1.081219e-10
0.000000e+00	9.090000e+01	7.777800e+01	-2.128247e+01	1.154007e-09
0.000000e+00	9.090000e+01	8.888900e+01	-2.004877e+01	3.962776e-09
0.000000e+00	9.090000e+01	1.000000e+02	-1.968120e+01	5.723095e-09
