# S =  70
# PI = 8828
# D  = 5.615227e-01
# The Observed Site Freq Spec. is :
# 18   9   4   0   0   0   1   0  17   0   0   0   0   0   0   0   0   5   0   0  16   0   0   0   0   0   0   0   0

WWW - DRIT_Weighted_Average_TotTree = 4.858338e+03
# 16   6   7   2   1   0   2   0  16   0   1   0   0   0   0   0   0   1   0   0  11   0   0   0   0   0   0   0   0
WWW - MH_Average_TotTree = 3.984818e+03
# 18   9   6   4   3   2   2   2   1   1   1   1   1   1   1   1   0   0   0   0   0   0   0   0   0   0   0   0   0

WWW - POIT_Weighted_Average_TotTree = 1.117543e+04
# 8   2   7  11   2   1   0   0   0  15   0   0   0   0   0   8   0   0   0   9   0   0   0   0   2   0   0   0   0

1.159053e-01 3.090929e-02 1.035894e-01 1.617618e-01 4.176128e-02 1.700114e-02 2.963172e-03 4.945704e-03 6.035866e-03 2.192043e-01 4.194047e-08 2.091356e-08 2.420196e-06 1.963333e-04 4.905526e-11 1.181923e-01 3.367407e-03 1.188301e-07 6.016912e-09 1.399311e-01 2.086890e-09 3.098155e-03 3.677944e-07 1.192654e-09 3.113440e-02 1.811992e-11 2.084140e-09 6.088086e-12 3.387949e-12 

WWW - POIT_Weighted_Average_TotTree = 6.630273e+03
# 14  11   9   3   2   4   2   1   0   0   2   0   5   1   0   0   3   0   0   0   0   0   0   1   0   0   0   0   0

2.118993e-01 1.635808e-01 1.371509e-01 4.632214e-02 3.440601e-02 7.118013e-02 4.152752e-02 2.735132e-02 9.907954e-03 1.100093e-02 3.170104e-02 5.788818e-03 8.333667e-02 2.188525e-02 4.165718e-03 5.547711e-03 4.991199e-02 3.105782e-03 4.348944e-04 1.192923e-02 5.396561e-03 7.713927e-04 7.701880e-04 1.643609e-02 7.761086e-04 8.345844e-04 1.878552e-03 6.015052e-04 4.009107e-04 

WWW - POIT_Weighted_Average_TotTree = 3.953718e+03
# 28  11   4   4   3   7   2   1   0   0   2   1   0   0   0   0   0   0   0   0   0   0   0   0   0   0   0   0   0

4.095662e-01 1.698049e-01 6.871455e-02 6.458521e-02 4.364149e-02 1.017086e-01 3.349462e-02 1.545672e-02 6.857736e-03 2.095134e-03 3.785310e-02 2.554406e-02 1.113974e-03 3.338566e-03 2.103419e-04 1.251579e-03 5.806685e-04 8.827430e-03 2.241536e-03 1.354932e-03 3.815580e-04 1.522009e-04 2.574940e-04 1.142792e-04 3.938788e-04 1.299857e-04 1.214507e-04 1.128328e-04 9.500086e-05 

WWW - POIT_Weighted_Average_TotTree = 3.010203e+03
# 30  12   8   3   3   1   1   1   0   0   1   1   0   0   0   0   0   0   0   0   0   0   0   0   0   0   0   0   0

4.406194e-01 1.736638e-01 1.256632e-01 4.690903e-02 5.481717e-02 2.172134e-02 2.207514e-02 1.757802e-02 8.513396e-03 1.065864e-02 1.533322e-02 1.540119e-02 5.993170e-03 7.500135e-03 2.598128e-03 1.936558e-03 6.342617e-03 7.479959e-04 5.023274e-03 1.789492e-03 7.000222e-04 1.093184e-03 2.344631e-04 3.897112e-03 6.835398e-04 6.367284e-04 1.569001e-03 4.760588e-04 5.824917e-03 

WWW - POIT_Weighted_Average_TotTree = 2.090492e+03
# 34  10   8   3   1   2   1   0   0   1   0   0   0   0   0   0   0   0   0   0   0   0   0   0   0   0   0   0   0

4.956077e-01 1.515122e-01 1.178739e-01 4.878566e-02 2.477916e-02 3.242905e-02 2.347049e-02 1.199073e-02 1.395769e-02 1.826434e-02 1.017424e-02 7.373500e-03 6.542638e-03 3.499578e-03 4.977686e-03 3.400534e-03 4.437953e-03 2.433729e-03 1.738531e-03 3.657075e-03 3.254748e-03 2.048038e-03 1.150432e-03 7.444105e-04 5.997913e-04 9.927209e-04 1.022199e-03 1.639634e-03 1.641671e-03 

WWW - POIT_Weighted_Average_TotTree = 1.652130e+03
# 36  12   8   2   1   1   2   0   0   0   0   0   0   0   0   0   0   0   0   0   0   0   0   0   0   0   0   0   0

5.265297e-01 1.760448e-01 1.217491e-01 3.639890e-02 1.880131e-02 2.415997e-02 3.006531e-02 6.499963e-03 7.975816e-03 5.478506e-03 5.650267e-03 8.430736e-03 2.564238e-03 7.685813e-03 4.447486e-03 6.598636e-04 1.771334e-03 1.467028e-03 4.339369e-04 2.588287e-03 4.220385e-03 1.024696e-04 2.903643e-03 7.581920e-04 2.935447e-04 1.139263e-03 1.163302e-04 6.027539e-04 4.610994e-04 

WWW - POIT_Weighted_Average_TotTree = 1.556803e+03
# 36  12   8   2   1   1   2   0   0   0   0   0   0   0   0   0   0   0   0   0   0   0   0   0   0   0   0   0   0

5.259025e-01 1.770323e-01 1.183253e-01 3.773803e-02 1.759801e-02 1.827775e-02 3.935878e-02 5.113699e-03 9.582212e-03 2.366728e-03 9.575840e-03 6.304973e-03 8.275809e-04 1.222653e-02 1.922874e-03 2.284971e-04 1.333411e-03 4.227733e-03 9.464326e-05 3.537162e-04 3.579318e-03 6.857137e-06 2.461654e-03 6.199600e-04 1.154160e-03 2.657707e-03 1.406186e-05 7.670379e-04 3.481524e-04 

WWW - POIT_Weighted_Average_TotTree = 1.419266e+03
# 35  10   7   4   1   1   2   0   2   0   0   0   0   0   0   0   0   0   0   0   0   0   0   0   0   0   0   0   0

5.100641e-01 1.480703e-01 1.110236e-01 5.900708e-02 1.580334e-02 1.733849e-02 3.586278e-02 1.116643e-02 2.933260e-02 3.180535e-03 1.180877e-02 4.185287e-03 1.006702e-03 7.739000e-03 3.241908e-04 1.339501e-03 9.812771e-03 1.188733e-02 2.724950e-05 3.028656e-05 3.528640e-03 1.456536e-06 6.770184e-04 1.725898e-03 1.913279e-03 2.471570e-03 7.112348e-07 5.791835e-04 9.182416e-05 

WWW - POIT_Weighted_Average_TotTree = 1.281201e+03
# 33   9   8   4   0   1   0   1   3   0   0   0   0   0   0   0   2   0   0   0   0   0   0   0   0   0   0   0   0

4.741146e-01 1.362993e-01 1.174807e-01 6.925660e-02 1.269207e-02 2.723625e-02 1.368958e-02 1.917044e-02 5.019488e-02 6.553859e-03 4.804720e-03 1.508709e-03 1.331766e-03 1.370442e-03 1.578251e-05 2.090367e-03 4.068980e-02 6.632646e-03 6.714667e-06 1.045155e-06 1.094734e-02 1.237569e-07 3.463750e-05 2.137488e-03 5.874173e-04 1.009328e-03 7.296102e-09 1.387437e-04 4.601336e-06 

WWW - POIT_Weighted_Average_TotTree = 1.228835e+03
# 32   9   8   4   0   2   0   1   4   0   0   0   0   0   0   0   4   0   0   0   1   0   0   0   0   0   0   0   0

4.630935e-01 1.375197e-01 1.194130e-01 6.105526e-02 8.807754e-03 3.526425e-02 2.713512e-03 1.922798e-02 5.813534e-02 8.508977e-03 8.962263e-04 2.623428e-04 1.676364e-03 1.266259e-04 4.963819e-07 1.429264e-03 6.240211e-02 1.314050e-03 9.660626e-07 1.757123e-08 1.666344e-02 3.948282e-09 6.305451e-07 1.024409e-03 6.386813e-05 3.833179e-04 2.753822e-11 1.660474e-05 8.263177e-08 
