./ms 5 2 -t 6.0 
17440 62346 1363

//
segsites: 48
positions: 0.0197 0.0541 0.0827 0.1048 0.1270 0.1311 0.1388 0.1514 0.1704 0.1728 0.1756 0.1865 0.1997 0.2132 0.2162 0.2284 0.2412 0.2745 0.2783 0.3184 0.3294 0.3689 0.3690 0.3698 0.4238 0.4562 0.4639 0.4673 0.5093 0.6177 0.6520 0.6723 0.6795 0.6946 0.6992 0.7013 0.7368 0.7694 0.8166 0.8195 0.8487 0.8653 0.8740 0.9212 0.9224 0.9572 0.9652 0.9954 
010101001010111001011111111000010101001101111010
010101001010111001011111111000010101101100111011
010111001010111001011111111001010100001100111110
101000110101000110100000000110101010000010000000
101000110101000110100000000110101010010010000000

//
segsites: 31
positions: 0.0618 0.0783 0.1047 0.1084 0.1185 0.1279 0.1331 0.1688 0.1777 0.1981 0.2210 0.2264 0.2846 0.2974 0.3254 0.3672 0.3830 0.4054 0.4086 0.4490 0.5323 0.5894 0.6314 0.6458 0.6697 0.7594 0.7903 0.8529 0.8673 0.8727 0.8797 
0110001100100101001100011000001
1110001100000100001100011001001
0001110011011010110011100110110
0001110011011010110011100110110
0001110011011010110011100110110
