
Printing Grid of Parameters from Set Parameters
1	27900	11	0.000000e+00	0.000000e+00	1.100009e+01	5.152428e-02	4.045397e+00	0.00 0.00 0.00  1 1 1	1
2	30800	1031	0.000000e+00	1.000000e+01	2.100008e+01	6.661720e-04	8.446344e+00	0.99 1.00 0.75  0 0 1	1
3	27900	6	0.000000e+00	0.000000e+00	6.000094e+00	2.758282e-02	4.529972e+00	0.77 0.47 0.29  1 1 1	1
4	40600	15	0.000000e+00	0.000000e+00	1.500008e+01	1.072408e-02	6.395454e+00	0.88 0.25 0.26  1 1 1	1
5	40600	735	0.000000e+00	7.000000e+00	2.800007e+01	1.068623e-03	8.082594e+00	1.00 0.93 0.54  0 1 1	1
6	23800	235	0.000000e+00	2.000000e+00	3.300007e+01	7.706905e-03	6.192793e+00	0.96 0.32 0.42  0 1 1	1
7	157200	6732	0.000000e+00	6.600000e+01	6.600003e+01	4.092280e-04	8.440390e+00	1.00 1.00 0.99  0 0 0	1
8	89500	3164	0.000000e+00	3.100000e+01	3.300007e+01	4.264819e-04	8.449885e+00	0.99 1.00 0.95  0 0 0	1
9	13900	118	0.000000e+00	1.000000e+00	1.700008e+01	5.389655e-03	7.087082e+00	0.99 0.09 0.24  0 1 1	1
10	171500	9947	0.000000e+00	9.800000e+01	4.900005e+01	5.969878e-04	8.255263e+00	0.97 1.00 1.00  0 0 0	1
11	15500	112	0.000000e+00	1.000000e+00	1.100009e+01	1.411169e-02	6.664940e+00	0.11 0.20 0.19  1 1 1	1
12	89500	616	0.000000e+00	6.000000e+00	1.000009e+01	1.282355e-03	8.227424e+00	0.66 1.00 0.82  1 0 1	1
13	57000	320	0.000000e+00	3.000000e+00	1.700008e+01	1.732302e-03	7.970236e+00	0.99 0.66 0.27  0 1 1	1
14	40600	211	0.000000e+00	2.000000e+00	9.000091e+00	4.706971e-03	7.641702e+00	0.05 0.19 0.18  1 1 1	1
15	57000	528	0.000000e+00	5.000000e+00	2.300008e+01	2.149240e-03	7.744949e+00	0.99 0.73 0.34  0 1 1	1
16	58500	118	0.000000e+00	1.000000e+00	1.700008e+01	1.707058e-02	5.936785e+00	0.56 0.19 0.22  1 1 1	1
17	20400	112	0.000000e+00	1.000000e+00	1.100009e+01	7.252120e-04	8.409982e+00	0.99 0.99 0.18  0 0 1	1
18	23800	325	0.000000e+00	3.000000e+00	2.200008e+01	5.973441e-03	6.577269e+00	0.96 0.33 0.33  0 1 1	1
19	20400	2457	0.000000e+00	2.400000e+01	3.300007e+01	5.556679e-04	8.458263e+00	0.99 1.00 0.86  0 0 1	1
20	40600	208	0.000000e+00	2.000000e+00	6.000094e+00	3.447343e-03	7.931110e+00	0.18 0.31 0.46  1 1 1	1
21	45400	520	0.000000e+00	5.000000e+00	1.500008e+01	9.038941e-04	8.378764e+00	0.95 1.00 0.27  1 0 1	1
22	58500	1437	0.000000e+00	1.400000e+01	2.300008e+01	6.825074e-04	8.416405e+00	0.98 1.00 0.69  0 0 1	1
23	75500	935	0.000000e+00	9.000000e+00	2.600007e+01	1.112229e-03	8.282218e+00	1.00 0.89 0.18  0 1 1	1
24	58500	3	0.000000e+00	0.000000e+00	3.000097e+00	1.174674e-01	4.067457e+00	0.71 0.00 0.66  1 1 1	1
25	40600	635	0.000000e+00	6.000000e+00	2.900007e+01	2.068400e-03	7.760762e+00	0.99 0.80 0.35  0 1 1	1
26	5100	1025	0.000000e+00	1.000000e+01	1.500008e+01	6.242737e-04	8.400873e+00	0.90 1.00 0.90  1 0 1	1
27	57000	2868	0.000000e+00	2.800000e+01	4.000006e+01	5.132243e-04	8.452285e+00	1.00 1.00 0.92  0 0 1	1
28	17900	111	0.000000e+00	1.000000e+00	1.000009e+01	1.025059e-03	8.395151e+00	0.99 0.98 0.19  0 0 1	1
29	38000	418	0.000000e+00	4.000000e+00	1.400009e+01	1.582322e-03	8.233228e+00	0.86 0.75 0.26  1 1 1	1
30	16300	6	0.000000e+00	0.000000e+00	6.000094e+00	1.113857e-02	6.838167e+00	0.00 0.00 0.14  1 1 1	1
31	30400	117	0.000000e+00	1.000000e+00	1.600008e+01	3.234479e-02	4.513008e+00	0.79 0.00 0.30  1 1 1	1
32	58500	8	0.000000e+00	0.000000e+00	8.000092e+00	1.123150e-01	3.583349e+00	0.45 0.00 0.46  1 1 1	1
33	58500	112	0.000000e+00	1.000000e+00	1.100009e+01	1.303122e-02	6.234687e+00	0.33 0.15 0.07  1 1 1	1
34	73200	215	0.000000e+00	2.000000e+00	1.300009e+01	2.371987e-03	8.043030e+00	0.89 0.44 0.04  1 1 1	1
35	61700	3151	0.000000e+00	3.100000e+01	2.000008e+01	5.865386e-04	8.248517e+00	0.83 1.00 0.96  1 0 0	1
36	7800	9	0.000000e+00	0.000000e+00	9.000091e+00	6.571163e-02	3.603460e+00	0.82 0.00 0.81  1 1 1	1
37	67700	12	0.000000e+00	0.000000e+00	1.200009e+01	4.228305e-03	7.386239e+00	0.71 0.10 0.01  1 1 1	1
38	23800	5918	0.000000e+00	5.800000e+01	6.000004e+01	4.098578e-04	8.439628e+00	1.00 1.00 0.98  0 0 0	1
39	6900	115	0.000000e+00	1.000000e+00	1.400009e+01	6.517496e-03	7.364099e+00	0.53 0.23 0.12  1 1 1	1
40	58500	5	0.000000e+00	0.000000e+00	5.000095e+00	1.135084e-02	7.140871e+00	0.21 0.00 0.44  1 1 1	1
41	58500	4	0.000000e+00	0.000000e+00	4.000096e+00	3.567589e-02	5.947061e+00	0.38 0.00 0.43  1 1 1	1
42	21300	328	0.000000e+00	3.000000e+00	2.500007e+01	3.101153e-03	7.272567e+00	1.00 0.64 0.25  0 1 1	1
43	65300	325	0.000000e+00	3.000000e+00	2.200008e+01	3.880369e-03	7.447647e+00	0.99 0.16 0.03  0 1 1	1
44	4300	218	0.000000e+00	2.000000e+00	1.600008e+01	3.609292e-03	7.524673e+00	0.98 0.40 0.09  0 1 1	1
45	15500	218	0.000000e+00	2.000000e+00	1.600008e+01	1.476797e-02	5.993443e+00	0.48 0.00 0.13  1 1 1	1
46	53000	3	0.000000e+00	0.000000e+00	3.000097e+00	1.703992e-02	7.170315e+00	0.30 0.00 0.62  1 1 1	1
47	27500	1021	0.000000e+00	1.000000e+01	1.100009e+01	6.996677e-04	8.247562e+00	0.77 1.00 0.96  1 0 0	1
48	58500	109	0.000000e+00	1.000000e+00	8.000092e+00	3.905611e-03	7.835541e+00	0.35 0.34 0.18  1 1 1	1
49	58500	212	0.000000e+00	2.000000e+00	1.000009e+01	1.930106e-02	5.820994e+00	0.16 0.18 0.37  1 1 1	1
50	124700	625	0.000000e+00	6.000000e+00	1.900008e+01	1.403529e-03	8.224728e+00	0.99 0.93 0.36  0 1 1	1
51	15500	9	0.000000e+00	0.000000e+00	9.000091e+00	6.100996e-02	4.396180e+00	0.17 0.00 0.23  1 1 1	1
52	67700	630	0.000000e+00	6.000000e+00	2.400008e+01	2.012510e-03	7.922800e+00	0.99 0.60 0.20  0 1 1	1
53	6200	13	0.000000e+00	0.000000e+00	1.300009e+01	2.392974e-02	5.441562e+00	0.41 0.00 0.11  1 1 1	1
54	89500	116	0.000000e+00	1.000000e+00	1.500008e+01	2.589185e-02	5.352096e+00	0.34 0.25 0.10  1 1 1	1
55	15600	221	0.000000e+00	2.000000e+00	1.900008e+01	7.292656e-03	6.710178e+00	0.69 0.37 0.22  1 1 1	1
56	97400	4	0.000000e+00	0.000000e+00	4.000096e+00	8.077931e-03	7.517166e+00	0.18 0.09 0.50  1 1 1	1
57	21400	522	0.000000e+00	5.000000e+00	1.700008e+01	1.281679e-03	8.291016e+00	0.99 0.91 0.37  0 1 1	1
58	67700	630	0.000000e+00	6.000000e+00	2.400008e+01	3.051538e-03	7.717561e+00	0.96 0.66 0.31  0 1 1	1
59	139000	411	0.000000e+00	4.000000e+00	7.000093e+00	1.300635e-03	8.135053e+00	0.54 0.99 0.75  1 0 1	1
60	139000	305	0.000000e+00	3.000000e+00	2.000098e+00	1.923973e-03	7.568554e+00	0.52 1.00 1.00  1 0 0	1
61	23800	3	0.000000e+00	0.000000e+00	3.000097e+00	1.776022e-02	6.573421e+00	0.30 0.00 0.52  1 1 1	1
62	97400	4289	0.000000e+00	4.200000e+01	4.700005e+01	4.158935e-04	8.460740e+00	1.00 1.00 0.95  0 0 0	1
63	27900	115	0.000000e+00	1.000000e+00	1.400009e+01	2.076995e-02	5.831540e+00	0.29 0.00 0.13  1 1 1	1
64	89500	117	0.000000e+00	1.000000e+00	1.600008e+01	1.098094e-02	6.471133e+00	0.71 0.34 0.28  1 1 1	1
65	5100	221	0.000000e+00	2.000000e+00	1.900008e+01	4.922918e-03	7.240763e+00	0.99 0.36 0.19  0 1 1	1
66	3600	110	0.000000e+00	1.000000e+00	9.000091e+00	5.774014e-03	7.607705e+00	0.38 0.44 0.33  1 1 1	1
67	45300	4880	0.000000e+00	4.800000e+01	3.200007e+01	4.846675e-04	8.348366e+00	0.92 1.00 0.97  1 0 0	1
68	124700	313	0.000000e+00	3.000000e+00	1.000009e+01	2.268488e-03	8.155952e+00	0.64 0.64 0.36  1 1 1	1
69	27900	8	0.000000e+00	0.000000e+00	8.000092e+00	3.755654e-03	7.882695e+00	0.37 0.00 0.04  1 1 1	1
70	84700	1235	0.000000e+00	1.200000e+01	2.300008e+01	7.171839e-04	8.447766e+00	0.99 1.00 0.65  0 0 1	1
71	65300	825	0.000000e+00	8.000000e+00	1.700008e+01	6.171236e-04	8.454463e+00	0.98 1.00 0.56  0 0 1	1
72	27800	10	0.000000e+00	0.000000e+00	1.000009e+01	3.148247e-02	5.315906e+00	0.00 0.00 0.06  1 1 1	1
73	124700	4200	0.000000e+00	4.100000e+01	5.900004e+01	4.948077e-04	8.400430e+00	1.00 1.00 0.91  0 0 1	1
74	36600	6525	0.000000e+00	6.400000e+01	6.100004e+01	3.898746e-04	8.462066e+00	1.00 1.00 0.96  0 0 0	1
75	61700	8784	0.000000e+00	8.600000e+01	9.800000e+01	5.413963e-04	8.342824e+00	1.00 1.00 0.98  0 0 0	1
76	53000	9	0.000000e+00	0.000000e+00	9.000091e+00	8.292110e-02	4.550288e+00	0.23 0.00 0.23  1 1 1	1
77	73200	926	0.000000e+00	9.000000e+00	1.700008e+01	9.636816e-04	8.387724e+00	0.88 1.00 0.48  1 0 1	1
78	40600	8	0.000000e+00	0.000000e+00	8.000092e+00	9.812460e-03	6.741057e+00	0.34 0.00 0.04  1 1 1	1
79	157200	2566	0.000000e+00	2.500000e+01	4.100006e+01	5.807411e-04	8.426596e+00	1.00 1.00 0.96  0 0 0	1
80	6700	6	0.000000e+00	0.000000e+00	6.000094e+00	1.890372e-02	6.876852e+00	0.14 0.00 0.22  1 1 1	1
81	65300	1332	0.000000e+00	1.300000e+01	1.900008e+01	5.313844e-04	8.447889e+00	0.96 1.00 0.88  0 0 1	1
82	14500	8	0.000000e+00	0.000000e+00	8.000092e+00	1.484519e-02	6.769908e+00	0.03 0.00 0.11  1 1 1	1
83	89500	2336	0.000000e+00	2.300000e+01	1.300009e+01	5.982125e-04	8.090606e+00	0.66 1.00 0.98  1 0 0	1
84	21300	124	0.000000e+00	1.000000e+00	2.300008e+01	6.030251e-03	6.583784e+00	1.00 0.47 0.90  0 1 1	1
85	6700	10	0.000000e+00	0.000000e+00	1.000009e+01	2.000705e-02	5.938376e+00	0.40 0.00 0.04  1 1 1	1
86	22900	222	0.000000e+00	2.000000e+00	2.000008e+01	6.243300e-03	6.802761e+00	0.68 0.34 0.07  1 1 1	1
87	65300	412	0.000000e+00	4.000000e+00	8.000092e+00	3.101104e-03	7.922681e+00	0.11 0.35 0.50  1 1 1	1
88	139000	8643	0.000000e+00	8.500000e+01	5.800004e+01	4.128567e-04	8.422411e+00	1.00 1.00 0.98  0 0 0	1
89	27800	9	0.000000e+00	0.000000e+00	9.000091e+00	8.741234e-02	3.965210e+00	0.34 0.00 0.30  1 1 1	1
90	65300	132	0.000000e+00	1.000000e+00	3.100007e+01	2.166192e-02	5.336431e+00	1.00 0.28 0.97  0 1 0	1
91	57000	112	0.000000e+00	1.000000e+00	1.100009e+01	5.942634e-03	7.276062e+00	0.46 0.27 0.13  1 1 1	1
92	73200	9	0.000000e+00	0.000000e+00	9.000091e+00	2.436317e-02	5.482358e+00	0.31 0.00 0.17  1 1 1	1
93	84700	3369	0.000000e+00	3.300000e+01	3.600006e+01	4.386049e-04	8.467332e+00	1.00 1.00 0.97  0 0 0	1
94	11400	213	0.000000e+00	2.000000e+00	1.100009e+01	1.890217e-03	8.314061e+00	0.82 0.35 0.20  1 1 1	1
95	27800	1744	0.000000e+00	1.700000e+01	2.700007e+01	5.104994e-04	8.466700e+00	1.00 1.00 0.93  0 0 1	1
96	139000	1944	0.000000e+00	1.900000e+01	2.500007e+01	4.748892e-04	8.460613e+00	0.99 1.00 0.86  0 0 1	1
97	58500	219	0.000000e+00	2.000000e+00	1.700008e+01	3.630377e-03	7.452987e+00	0.82 0.46 0.12  1 1 1	1
98	157200	6394	0.000000e+00	6.300000e+01	3.100007e+01	5.052007e-04	8.254473e+00	0.89 1.00 0.98  1 0 0	1
99	21300	112	0.000000e+00	1.000000e+00	1.100009e+01	1.800297e-02	6.055655e+00	0.14 0.33 0.31  1 1 1	1
100	8800	10	0.000000e+00	0.000000e+00	1.000009e+01	4.878343e-02	4.799295e+00	0.00 0.00 0.10  1 1 1	1
101	13900	630	0.000000e+00	6.000000e+00	2.400008e+01	1.348752e-03	8.121576e+00	0.99 0.66 0.03  0 1 1	1
102	27500	1128	0.000000e+00	1.100000e+01	1.700008e+01	5.967991e-04	8.422284e+00	0.92 1.00 0.82  1 0 1	1
103	67700	716	0.000000e+00	7.000000e+00	9.000091e+00	1.480287e-03	8.156249e+00	0.60 0.99 0.89  1 0 1	1
104	45400	113	0.000000e+00	1.000000e+00	1.200009e+01	1.471396e-02	6.539620e+00	0.00 0.13 0.08  1 1 1	1
