1	500	131	0.000000e+00	1.000000e+00	3.000007e+01	3.992336e-03	6.798164e+00	1.00 0.71 0.85  0 1 1	1
2	400	752	0.000000e+00	7.000000e+00	4.500006e+01	1.606437e-03	7.306113e+00	1.00 0.66 0.99  0 1 0	1
3	1600	10060	0.000000e+00	9.900000e+01	6.100004e+01	4.165082e-04	8.490161e+00	0.99 1.00 0.98  0 0 0	1
4	1800	7	0.000000e+00	0.000000e+00	7.000093e+00	8.935658e-03	7.290595e+00	0.00 0.08 0.11  1 1 1	1
5	1200	114	0.000000e+00	1.000000e+00	1.300009e+01	1.549648e-02	5.917447e+00	0.28 0.39 0.12  1 1 1	1
6	1800	851	0.000000e+00	8.000000e+00	4.300006e+01	2.409623e-03	7.333885e+00	1.00 0.64 0.45  0 1 1	1
7	500	3075	0.000000e+00	3.000000e+01	4.500006e+01	5.231708e-04	8.521432e+00	1.00 1.00 0.91  0 0 1	1
8	200	1202	0.000000e+00	1.100000e+01	9.100001e+01	6.823987e-03	6.266756e+00	1.00 0.77 1.00  0 1 0	1
9	1100	6	0.000000e+00	0.000000e+00	6.000094e+00	3.518329e-03	8.158550e+00	0.34 0.11 0.13  1 1 1	1
10	1800	7370	0.000000e+00	7.200000e+01	9.800000e+01	4.350393e-04	8.371193e+00	1.00 1.00 0.96  0 0 0	1
11	400	748	0.000000e+00	7.000000e+00	4.100006e+01	2.340719e-02	6.229182e+00	0.99 0.77 0.47  0 1 1	1
12	900	1045	0.000000e+00	1.000000e+01	3.500006e+01	1.068788e-03	7.981962e+00	1.00 0.84 0.62  0 1 1	1
13	400	130	0.000000e+00	1.000000e+00	2.900007e+01	1.220058e-02	5.940562e+00	1.00 0.22 0.98  0 1 0	1
14	1200	113	0.000000e+00	1.000000e+00	1.200009e+01	3.457527e-03	7.355452e+00	0.91 0.17 0.04  1 1 1	1
15	1600	2972	0.000000e+00	2.900000e+01	4.300006e+01	5.164424e-04	8.510215e+00	0.99 1.00 0.62  0 0 1	1
16	1200	6	0.000000e+00	0.000000e+00	6.000094e+00	2.216671e-02	6.069584e+00	0.04 0.00 0.12  1 1 1	1
17	1800	139	0.000000e+00	1.000000e+00	3.800006e+01	4.319281e-03	6.449491e+00	1.00 0.47 1.00  0 1 0	1
18	2700	9845	0.000000e+00	9.700000e+01	4.800005e+01	4.663720e-04	8.410286e+00	0.94 1.00 0.99  1 0 0	1
19	900	107	0.000000e+00	1.000000e+00	6.000094e+00	4.903617e-03	7.861515e+00	0.11 0.08 0.13  1 1 1	1
20	800	4894	0.000000e+00	4.800000e+01	4.600005e+01	4.160324e-04	8.568978e+00	0.99 1.00 0.84  0 0 1	1
21	1800	422	0.000000e+00	4.000000e+00	1.800008e+01	1.021586e-03	8.263928e+00	0.99 0.84 0.17  0 1 1	1
22	1800	5845	0.000000e+00	5.700000e+01	8.800001e+01	4.394315e-04	8.343000e+00	1.00 1.00 0.97  0 0 0	1
23	900	727	0.000000e+00	7.000000e+00	2.000008e+01	1.004612e-03	8.371838e+00	0.98 0.68 0.13  0 1 1	1
24	800	214	0.000000e+00	2.000000e+00	1.200009e+01	1.507869e-03	8.302782e+00	0.98 0.46 0.09  0 1 1	1
25	800	112	0.000000e+00	1.000000e+00	1.100009e+01	1.843871e-03	8.086210e+00	0.98 0.23 0.02  0 1 1	1
26	1800	5049	0.000000e+00	4.900000e+01	1.000000e+02	8.589333e-04	7.939867e+00	1.00 0.99 1.00  0 0 0	1
27	1800	1550	0.000000e+00	1.500000e+01	3.500006e+01	5.466635e-04	8.397312e+00	1.00 0.98 0.77  0 0 1	1
28	1200	122	0.000000e+00	1.000000e+00	2.100008e+01	5.861968e-03	6.887211e+00	0.89 0.29 0.06  1 1 1	1
29	700	21	0.000000e+00	0.000000e+00	2.100008e+01	6.795888e-03	6.645894e+00	0.99 0.00 0.28  0 1 1	1
30	2400	1151	0.000000e+00	1.100000e+01	4.000006e+01	9.969300e-04	8.110979e+00	1.00 0.95 0.90  0 1 1	1
31	1800	12	0.000000e+00	0.000000e+00	1.200009e+01	8.243426e-03	6.692707e+00	0.61 0.00 0.01  1 1 1	1
32	400	1572	0.000000e+00	1.500000e+01	5.700004e+01	1.421183e-03	7.617987e+00	1.00 0.66 0.90  0 1 1	1
33	1800	209	0.000000e+00	2.000000e+00	7.000093e+00	1.799498e-03	8.347711e+00	0.60 0.47 0.25  1 1 1	1
34	2700	8263	0.000000e+00	8.100000e+01	8.200002e+01	3.978771e-04	8.513136e+00	1.00 1.00 0.97  0 0 0	1
35	700	3	0.000000e+00	0.000000e+00	3.000097e+00	2.832411e-03	8.165725e+00	0.26 0.16 0.63  1 1 1	1
36	2700	8932	0.000000e+00	8.800000e+01	4.400006e+01	4.300480e-04	8.426819e+00	0.93 1.00 0.99  1 0 0	1
37	400	6617	0.000000e+00	6.500000e+01	5.200005e+01	3.712686e-04	8.553947e+00	0.99 1.00 0.95  0 0 1	1
38	1800	121	0.000000e+00	1.000000e+00	2.000008e+01	2.704817e-02	4.827932e+00	0.97 0.00 0.82  0 1 1	1
39	2700	2744	0.000000e+00	2.700000e+01	1.700008e+01	4.801363e-04	8.367228e+00	0.78 1.00 0.98  1 0 0	1
40	800	9	0.000000e+00	0.000000e+00	9.000091e+00	5.560148e-03	7.088825e+00	0.79 0.37 0.02  1 1 1	1
41	800	111	0.000000e+00	1.000000e+00	1.000009e+01	9.597411e-03	7.002379e+00	0.00 0.12 0.17  1 1 1	1
42	1800	213	0.000000e+00	2.000000e+00	1.100009e+01	3.115455e-03	7.744988e+00	0.57 0.37 0.07  1 1 1	1
43	1800	324	0.000000e+00	3.000000e+00	2.100008e+01	2.748805e-03	7.586160e+00	0.99 0.73 0.07  0 1 1	1
44	1800	848	0.000000e+00	8.000000e+00	4.000006e+01	1.236692e-03	7.758582e+00	1.00 0.89 0.81  0 1 1	1
45	900	432	0.000000e+00	4.000000e+00	2.800007e+01	1.213153e-03	7.886993e+00	1.00 0.81 0.49  0 1 1	1
46	1800	325	0.000000e+00	3.000000e+00	2.200008e+01	3.861375e-03	7.199880e+00	0.99 0.26 0.30  0 1 1	1
47	900	412	0.000000e+00	4.000000e+00	8.000092e+00	9.005814e-04	8.433642e+00	0.72 1.00 0.74  1 0 1	1
48	1200	1438	0.000000e+00	1.400000e+01	2.400008e+01	5.886906e-04	8.528694e+00	0.99 1.00 0.28  0 0 1	1
49	700	2375	0.000000e+00	2.300000e+01	5.200005e+01	5.399250e-04	8.309824e+00	1.00 0.98 0.87  0 0 1	1
50	1800	1632	0.000000e+00	1.600000e+01	1.600008e+01	4.366332e-04	8.474469e+00	0.87 1.00 0.96  1 0 0	1
51	1800	8870	0.000000e+00	8.700000e+01	8.300002e+01	4.440802e-04	8.438300e+00	1.00 1.00 0.99  0 0 0	1
52	1800	311	0.000000e+00	3.000000e+00	8.000092e+00	1.185335e-03	8.431516e+00	0.72 0.81 0.27  1 1 1	1
53	700	218	0.000000e+00	2.000000e+00	1.600008e+01	4.809312e-03	7.392836e+00	0.71 0.28 0.16  1 1 1	1
54	1200	518	0.000000e+00	5.000000e+00	1.300009e+01	1.941947e-03	8.303547e+00	0.63 0.20 0.07  1 1 1	1
55	2400	208	0.000000e+00	2.000000e+00	6.000094e+00	2.255863e-03	8.227893e+00	0.36 0.51 0.35  1 1 1	1
56	1800	3814	0.000000e+00	3.700000e+01	7.700002e+01	6.116417e-04	8.179661e+00	1.00 0.97 0.96  0 0 0	1
57	1800	224	0.000000e+00	2.000000e+00	2.200008e+01	6.477070e-03	6.631080e+00	0.89 0.11 0.33  1 1 1	1
58	2700	3911	0.000000e+00	3.800000e+01	7.300003e+01	5.585328e-04	8.282811e+00	1.00 1.00 0.99  0 0 0	1
59	900	2163	0.000000e+00	2.100000e+01	4.200006e+01	4.698568e-04	8.412438e+00	1.00 1.00 0.89  0 0 1	1
60	1800	10	0.000000e+00	0.000000e+00	1.000009e+01	2.938591e-02	5.151365e+00	0.00 0.27 0.03  1 1 1	1
61	1600	529	0.000000e+00	5.000000e+00	2.400008e+01	1.654499e-03	7.845299e+00	0.99 0.76 0.16  0 1 1	1
62	1200	418	0.000000e+00	4.000000e+00	1.400009e+01	9.984681e-04	8.387683e+00	0.99 0.87 0.39  0 1 1	1
63	2700	718	0.000000e+00	7.000000e+00	1.100009e+01	1.303528e-03	8.361768e+00	0.59 0.89 0.28  1 1 1	1
64	1800	110	0.000000e+00	1.000000e+00	9.000091e+00	2.425413e-03	8.083656e+00	0.63 0.26 0.05  1 1 1	1
65	400	3365	0.000000e+00	3.300000e+01	3.200007e+01	3.820674e-04	8.541092e+00	0.97 1.00 0.90  0 0 1	1
66	1600	203	0.000000e+00	2.000000e+00	1.000099e+00	2.424066e-03	7.358668e+00	0.78 1.00 1.00  1 0 0	1
67	3300	9926	0.000000e+00	9.800000e+01	2.800007e+01	6.837483e-04	8.129868e+00	0.67 1.00 1.00  1 0 0	1
68	1800	214	0.000000e+00	2.000000e+00	1.200009e+01	1.203580e-03	8.336540e+00	0.97 0.45 0.13  0 1 1	1
69	2700	8658	0.000000e+00	8.500000e+01	7.300003e+01	3.806630e-04	8.514023e+00	1.00 1.00 0.98  0 0 0	1
70	900	9	0.000000e+00	0.000000e+00	9.000091e+00	1.914160e-02	5.995254e+00	0.10 0.00 0.04  1 1 1	1
71	900	310	0.000000e+00	3.000000e+00	7.000093e+00	8.649177e-04	8.445355e+00	0.75 1.00 0.74  1 0 1	1
72	800	9553	0.000000e+00	9.400000e+01	5.900004e+01	4.372698e-04	8.513323e+00	0.99 1.00 0.96  0 0 0	1
73	1200	8281	0.000000e+00	8.100000e+01	1.000000e+02	4.380000e-04	8.395122e+00	1.00 1.00 0.98  0 0 0	1
74	2700	3562	0.000000e+00	3.500000e+01	2.700007e+01	4.060389e-04	8.501352e+00	0.92 1.00 0.89  1 0 1	1
75	500	114	0.000000e+00	1.000000e+00	1.300009e+01	1.776271e-03	7.954062e+00	0.99 0.61 0.09  0 1 1	1
76	2400	1035	0.000000e+00	1.000000e+01	2.500007e+01	6.140908e-04	8.495458e+00	0.99 1.00 0.42  0 0 1	1
77	300	1809	0.000000e+00	1.700000e+01	9.200001e+01	2.122508e-03	7.094650e+00	1.00 0.56 0.97  0 1 0	1
78	800	10	0.000000e+00	0.000000e+00	1.000009e+01	1.817946e-02	6.336133e+00	0.00 0.00 0.04  1 1 1	1
79	900	530	0.000000e+00	5.000000e+00	2.500007e+01	1.290481e-03	7.961105e+00	1.00 0.78 0.23  0 1 1	1
80	1100	729	0.000000e+00	7.000000e+00	2.200008e+01	6.812691e-04	8.472543e+00	0.99 1.00 0.48  0 0 1	1
81	2700	4969	0.000000e+00	4.900000e+01	2.000008e+01	5.292404e-04	8.218490e+00	0.56 1.00 0.99  1 0 0	1
82	1600	7	0.000000e+00	0.000000e+00	7.000093e+00	3.236804e-02	4.852381e+00	0.78 0.40 0.79  1 1 1	1
83	400	962	0.000000e+00	9.000000e+00	5.300005e+01	3.335007e-03	7.324820e+00	1.00 0.38 0.20  0 1 1	1
84	1800	326	0.000000e+00	3.000000e+00	2.300008e+01	5.464613e-03	7.060849e+00	0.99 0.31 0.15  0 1 1	1
85	1200	422	0.000000e+00	4.000000e+00	1.800008e+01	4.278839e-03	7.718451e+00	0.46 0.19 0.07  1 1 1	1
86	2400	4396	0.000000e+00	4.300000e+01	5.300005e+01	4.059591e-04	8.510879e+00	1.00 1.00 0.97  0 0 0	1
87	1600	1622	0.000000e+00	1.600000e+01	6.000094e+00	7.790830e-04	8.004665e+00	0.04 1.00 0.99  1 0 0	1
88	900	525	0.000000e+00	5.000000e+00	2.000008e+01	8.842993e-04	8.288618e+00	0.99 0.69 0.03  0 1 1	1
89	1800	10	0.000000e+00	0.000000e+00	1.000009e+01	5.569093e-03	7.576848e+00	0.21 0.00 0.01  1 1 1	1
90	1600	317	0.000000e+00	3.000000e+00	1.400009e+01	2.527242e-03	8.098142e+00	0.86 0.26 0.04  1 1 1	1
91	1800	8	0.000000e+00	0.000000e+00	8.000092e+00	1.754288e-02	5.659825e+00	0.25 0.00 0.03  1 1 1	1
92	900	418	0.000000e+00	4.000000e+00	1.400009e+01	9.245533e-04	8.460248e+00	0.97 0.81 0.14  0 1 1	1
93	2700	115	0.000000e+00	1.000000e+00	1.400009e+01	2.950844e-03	7.916626e+00	0.99 0.82 0.41  0 1 1	1
94	400	30	0.000000e+00	0.000000e+00	3.000007e+01	1.437881e-02	5.753609e+00	1.00 0.61 1.00  0 1 0	1
95	1800	328	0.000000e+00	3.000000e+00	2.500007e+01	2.607979e-03	7.498080e+00	0.99 0.58 0.30  0 1 1	1
96	1800	10	0.000000e+00	0.000000e+00	1.000009e+01	6.553839e-03	7.380103e+00	0.48 0.16 0.01  1 1 1	1
97	3300	8853	0.000000e+00	8.700000e+01	6.600003e+01	3.768651e-04	8.555912e+00	0.99 1.00 0.90  0 0 1	1
98	300	438	0.000000e+00	4.000000e+00	3.400007e+01	5.352169e-03	6.956730e+00	0.99 0.57 0.43  0 1 1	1
99	1600	1043	0.000000e+00	1.000000e+01	3.300007e+01	1.058445e-03	8.149369e+00	1.00 0.91 0.56  0 1 1	1
100	1600	4	0.000000e+00	0.000000e+00	4.000096e+00	1.002329e-02	7.619046e+00	0.11 0.00 0.29  1 1 1	1
