
Printing Grid of Parameters from Set Parameters
1	3000	12	0.000000e+00	0.000000e+00	1.200009e+01	1.387420e-02	6.308263e+00	0.52 0.22 0.01  1 1 1	1
2	2700	638	0.000000e+00	6.000000e+00	3.200007e+01	2.565391e-03	7.631662e+00	1.00 0.49 0.36  0 1 1	1
3	2700	961	0.000000e+00	9.000000e+00	5.200005e+01	1.585256e-03	7.347125e+00	1.00 0.81 1.00  0 1 0	1
4	6500	628	0.000000e+00	6.000000e+00	2.200008e+01	7.995151e-04	8.366376e+00	0.99 0.98 0.41  0 0 1	1
5	11600	8434	0.000000e+00	8.300000e+01	5.100005e+01	4.845621e-04	8.404470e+00	0.99 1.00 0.99  0 0 0	1
6	6500	11	0.000000e+00	0.000000e+00	1.100009e+01	8.824981e-03	6.567141e+00	0.26 0.00 0.00  1 1 1	1
7	2400	324	0.000000e+00	3.000000e+00	2.100008e+01	1.054832e-02	6.309298e+00	0.52 0.15 0.10  1 1 1	1
8	1800	4540	0.000000e+00	4.400000e+01	9.600000e+01	8.315413e-04	7.987775e+00	1.00 0.99 0.99  0 0 0	1
9	1800	113	0.000000e+00	1.000000e+00	1.200009e+01	2.710913e-03	8.011346e+00	0.85 0.23 0.06  1 1 1	1
10	11600	9548	0.000000e+00	9.400000e+01	5.400005e+01	5.231596e-04	8.382314e+00	0.99 1.00 0.99  0 0 0	1
11	1800	420	0.000000e+00	4.000000e+00	1.600008e+01	1.682709e-03	8.152107e+00	0.91 0.61 0.16  1 1 1	1
12	1600	108	0.000000e+00	1.000000e+00	7.000093e+00	1.174020e-03	8.464135e+00	0.88 0.97 0.36  1 0 1	1
13	1100	6	0.000000e+00	0.000000e+00	6.000094e+00	1.019115e-02	6.526298e+00	0.28 0.00 0.13  1 1 1	1
14	2000	215	0.000000e+00	2.000000e+00	1.300009e+01	1.267938e-02	6.834446e+00	0.14 0.30 0.21  1 1 1	1
15	1600	120	0.000000e+00	1.000000e+00	1.900008e+01	3.557837e-03	7.057405e+00	1.00 0.62 0.56  0 1 1	1
16	5100	324	0.000000e+00	3.000000e+00	2.100008e+01	3.012033e-03	7.540920e+00	0.99 0.50 0.26  0 1 1	1
17	5100	323	0.000000e+00	3.000000e+00	2.000008e+01	1.028604e-02	6.682050e+00	0.68 0.23 0.14  1 1 1	1
18	1200	1535	0.000000e+00	1.500000e+01	2.000008e+01	4.975891e-04	8.508101e+00	0.93 1.00 0.85  1 0 1	1
19	2700	2776	0.000000e+00	2.700000e+01	4.900005e+01	5.016877e-04	8.378778e+00	1.00 1.00 0.93  0 0 1	1
20	5100	2236	0.000000e+00	2.200000e+01	1.400009e+01	5.694562e-04	8.259849e+00	0.70 1.00 0.96  1 0 0	1
21	2700	21	0.000000e+00	0.000000e+00	2.100008e+01	8.054792e-03	6.183437e+00	0.94 0.20 0.33  1 1 1	1
22	6500	6	0.000000e+00	0.000000e+00	6.000094e+00	6.188836e-02	4.912610e+00	0.41 0.00 0.51  1 1 1	1
23	6500	532	0.000000e+00	5.000000e+00	2.700007e+01	1.290650e-03	7.808536e+00	1.00 0.84 0.72  0 1 1	1
24	1800	431	0.000000e+00	4.000000e+00	2.700007e+01	2.667460e-03	7.484907e+00	1.00 0.64 0.20  0 1 1	1
25	3600	10	0.000000e+00	0.000000e+00	1.000009e+01	1.634795e-02	6.201889e+00	0.03 0.00 0.02  1 1 1	1
26	1500	122	0.000000e+00	1.000000e+00	2.100008e+01	1.780974e-02	5.175065e+00	0.95 0.36 0.70  0 1 1	1
27	5100	827	0.000000e+00	8.000000e+00	1.900008e+01	1.100418e-03	8.345792e+00	0.90 0.81 0.33  1 1 1	1
28	5100	128	0.000000e+00	1.000000e+00	2.700007e+01	5.972740e-03	6.536893e+00	1.00 0.51 0.97  0 1 0	1
29	3600	2152	0.000000e+00	2.100000e+01	3.100007e+01	6.163097e-04	8.501530e+00	0.99 1.00 0.73  0 0 1	1
30	2700	110	0.000000e+00	1.000000e+00	9.000091e+00	3.236743e-03	8.087243e+00	0.48 0.16 0.08  1 1 1	1
31	5900	110	0.000000e+00	1.000000e+00	9.000091e+00	5.133923e-03	7.491613e+00	0.43 0.40 0.33  1 1 1	1
32	5100	836	0.000000e+00	8.000000e+00	2.800007e+01	6.772212e-04	8.200871e+00	1.00 0.95 0.80  0 1 1	1
33	800	210	0.000000e+00	2.000000e+00	8.000092e+00	4.088513e-03	7.997995e+00	0.28 0.16 0.16  1 1 1	1
34	800	4486	0.000000e+00	4.400000e+01	4.200006e+01	3.948927e-04	8.525815e+00	0.99 1.00 0.92  0 0 1	1
35	1600	107	0.000000e+00	1.000000e+00	6.000094e+00	2.825705e-03	8.171449e+00	0.06 0.24 0.24  1 1 1	1
36	5100	206	0.000000e+00	2.000000e+00	4.000096e+00	1.028379e-03	8.232024e+00	0.59 1.00 0.96  1 0 0	1
37	2700	111	0.000000e+00	1.000000e+00	1.000009e+01	6.958986e-03	7.324427e+00	0.29 0.27 0.13  1 1 1	1
38	5100	212	0.000000e+00	2.000000e+00	1.000009e+01	1.741473e-03	8.251581e+00	0.77 0.63 0.19  1 1 1	1
39	3600	421	0.000000e+00	4.000000e+00	1.700008e+01	1.110944e-03	8.354400e+00	1.00 0.51 0.05  0 1 1	1
40	5100	111	0.000000e+00	1.000000e+00	1.000009e+01	1.527887e-02	6.207116e+00	0.08 0.00 0.13  1 1 1	1
41	5100	111	0.000000e+00	1.000000e+00	1.000009e+01	1.587639e-02	5.966292e+00	0.04 0.00 0.15  1 1 1	1
42	2700	226	0.000000e+00	2.000000e+00	2.400008e+01	1.459480e-02	5.709102e+00	0.69 0.00 0.34  1 1 1	1
43	3600	524	0.000000e+00	5.000000e+00	1.900008e+01	2.069380e-03	8.034744e+00	0.98 0.22 0.05  0 1 1	1
44	5100	313	0.000000e+00	3.000000e+00	1.000009e+01	9.561777e-04	8.444234e+00	0.85 1.00 0.64  1 0 1	1
45	1800	216	0.000000e+00	2.000000e+00	1.400009e+01	2.876096e-03	7.804772e+00	0.93 0.00 0.03  1 1 1	1
46	5100	523	0.000000e+00	5.000000e+00	1.800008e+01	5.197520e-04	8.466930e+00	1.00 1.00 0.86  0 0 1	1
47	6500	223	0.000000e+00	2.000000e+00	2.100008e+01	1.977382e-03	7.657593e+00	1.00 0.69 0.40  0 1 1	1
48	1100	18	0.000000e+00	0.000000e+00	1.800008e+01	6.842808e-03	6.803268e+00	1.00 0.11 0.63  0 1 1	1
49	11600	10077	0.000000e+00	9.900000e+01	7.800002e+01	6.052582e-04	8.349913e+00	1.00 1.00 1.00  0 0 0	1
50	6500	723	0.000000e+00	7.000000e+00	1.600008e+01	8.235723e-04	8.469560e+00	0.94 1.00 0.32  1 0 1	1
51	5100	736	0.000000e+00	7.000000e+00	2.900007e+01	1.137900e-03	8.054596e+00	1.00 0.92 0.48  0 1 1	1
52	1800	2998	0.000000e+00	2.900000e+01	6.900003e+01	6.883375e-04	8.094733e+00	1.00 0.99 0.98  0 0 0	1
53	2700	113	0.000000e+00	1.000000e+00	1.200009e+01	4.632605e-03	7.414238e+00	0.58 0.06 0.05  1 1 1	1
54	11600	4285	0.000000e+00	4.200000e+01	4.300006e+01	4.091690e-04	8.474151e+00	1.00 1.00 0.99  0 0 0	1
55	3600	316	0.000000e+00	3.000000e+00	1.300009e+01	2.390301e-03	8.115063e+00	0.58 0.47 0.15  1 1 1	1
56	5100	326	0.000000e+00	3.000000e+00	2.300008e+01	1.726994e-03	7.653809e+00	1.00 0.78 0.59  0 1 1	1
57	5100	13	0.000000e+00	0.000000e+00	1.300009e+01	4.118519e-02	5.097117e+00	0.16 0.00 0.15  1 1 1	1
58	6500	8	0.000000e+00	0.000000e+00	8.000092e+00	3.525317e-03	7.928190e+00	0.68 0.21 0.04  1 1 1	1
59	1800	118	0.000000e+00	1.000000e+00	1.700008e+01	1.739787e-02	5.846144e+00	0.74 0.24 0.31  1 1 1	1
60	1800	132	0.000000e+00	1.000000e+00	3.100007e+01	2.537187e-02	5.074479e+00	0.33 0.66 0.20  1 1 1	1
61	1600	215	0.000000e+00	2.000000e+00	1.300009e+01	1.352221e-03	8.231536e+00	0.98 0.40 0.03  0 1 1	1
62	400	9	0.000000e+00	0.000000e+00	9.000091e+00	4.325362e-02	4.801591e+00	0.43 0.00 0.12  1 1 1	1
63	4800	1434	0.000000e+00	1.400000e+01	2.000008e+01	6.070668e-04	8.507377e+00	0.97 1.00 0.77  0 0 1	1
64	5100	10	0.000000e+00	0.000000e+00	1.000009e+01	3.604530e-03	7.301772e+00	0.79 0.19 0.01  1 1 1	1
65	6500	628	0.000000e+00	6.000000e+00	2.200008e+01	1.277279e-03	8.217603e+00	0.99 0.78 0.12  0 1 1	1
66	2700	116	0.000000e+00	1.000000e+00	1.500008e+01	2.053100e-03	7.946628e+00	0.99 0.32 0.06  0 1 1	1
67	1100	218	0.000000e+00	2.000000e+00	1.600008e+01	1.558057e-03	8.111003e+00	0.99 0.74 0.06  0 1 1	1
68	1800	31	0.000000e+00	0.000000e+00	3.100007e+01	2.407070e-02	5.242587e+00	0.85 0.00 0.38  1 1 1	1
69	800	1234	0.000000e+00	1.200000e+01	2.200008e+01	7.143831e-04	8.515217e+00	0.99 1.00 0.29  0 0 1	1
70	5100	517	0.000000e+00	5.000000e+00	1.200009e+01	9.453659e-04	8.439936e+00	0.89 0.99 0.28  1 0 1	1
71	4800	6	0.000000e+00	0.000000e+00	6.000094e+00	1.217116e-01	3.319167e+00	0.57 0.00 0.56  1 1 1	1
72	9800	8942	0.000000e+00	8.800000e+01	5.400005e+01	4.550454e-04	8.435186e+00	0.98 1.00 0.99  0 0 0	1
73	1100	316	0.000000e+00	3.000000e+00	1.300009e+01	5.760881e-04	8.485835e+00	0.99 1.00 0.10  0 0 1	1
74	2700	1463	0.000000e+00	1.400000e+01	4.900005e+01	1.425859e-03	7.743896e+00	1.00 0.88 0.81  0 1 1	1
75	5100	521	0.000000e+00	5.000000e+00	1.600008e+01	1.179924e-03	8.349894e+00	0.98 0.79 0.21  0 1 1	1
76	6500	3375	0.000000e+00	3.300000e+01	4.200006e+01	3.825402e-04	8.514525e+00	1.00 1.00 0.97  0 0 0	1
77	3600	4	0.000000e+00	0.000000e+00	4.000096e+00	2.515562e-02	5.698157e+00	0.05 0.00 0.31  1 1 1	1
78	5100	2269	0.000000e+00	2.200000e+01	4.700005e+01	6.105002e-04	8.326582e+00	1.00 0.98 0.87  0 0 1	1
79	2700	13	0.000000e+00	0.000000e+00	1.300009e+01	2.888666e-02	5.073119e+00	0.39 0.00 0.06  1 1 1	1
80	800	6	0.000000e+00	0.000000e+00	6.000094e+00	3.943500e-03	7.877412e+00	0.40 0.29 0.15  1 1 1	1
81	3000	9	0.000000e+00	0.000000e+00	9.000091e+00	3.682803e-03	7.654534e+00	0.48 0.35 0.04  1 1 1	1
82	5100	214	0.000000e+00	2.000000e+00	1.200009e+01	7.793097e-03	6.941900e+00	0.20 0.00 0.10  1 1 1	1
83	1200	116	0.000000e+00	1.000000e+00	1.500008e+01	7.847478e-03	6.989848e+00	0.89 0.32 0.33  1 1 1	1
84	1800	322	0.000000e+00	3.000000e+00	1.900008e+01	1.918941e-03	7.800701e+00	0.99 0.62 0.12  0 1 1	1
85	5900	9934	0.000000e+00	9.800000e+01	3.600006e+01	5.193574e-04	8.226909e+00	0.80 1.00 0.99  1 0 0	1
86	5100	111	0.000000e+00	1.000000e+00	1.000009e+01	2.734537e-03	8.045980e+00	0.57 0.07 0.09  1 1 1	1
87	9800	208	0.000000e+00	2.000000e+00	6.000094e+00	1.230880e-03	8.314384e+00	0.64 0.99 0.54  1 0 1	1
88	3000	8	0.000000e+00	0.000000e+00	8.000092e+00	6.517605e-03	7.377294e+00	0.46 0.18 0.11  1 1 1	1
89	3600	111	0.000000e+00	1.000000e+00	1.000009e+01	1.613849e-03	8.186536e+00	0.95 0.63 0.25  1 1 1	1
90	2700	9	0.000000e+00	0.000000e+00	9.000091e+00	2.206078e-02	6.213933e+00	0.03 0.00 0.06  1 1 1	1
91	2700	110	0.000000e+00	1.000000e+00	9.000091e+00	8.262114e-03	7.251026e+00	0.21 0.09 0.16  1 1 1	1
92	3000	208	0.000000e+00	2.000000e+00	6.000094e+00	9.785290e-04	8.331458e+00	0.67 0.99 0.73  1 0 1	1
93	5100	416	0.000000e+00	4.000000e+00	1.200009e+01	6.715495e-04	8.497146e+00	0.95 1.00 0.40  1 0 1	1
94	2700	6643	0.000000e+00	6.500000e+01	7.800002e+01	3.830050e-04	8.451475e+00	1.00 1.00 0.97  0 0 0	1
95	800	6	0.000000e+00	0.000000e+00	6.000094e+00	3.003209e-03	7.798639e+00	0.59 0.00 0.08  1 1 1	1
96	400	15	0.000000e+00	0.000000e+00	1.500008e+01	6.999738e-03	6.912890e+00	0.76 0.00 0.09  1 1 1	1
97	9800	9128	0.000000e+00	9.000000e+01	3.800006e+01	4.744155e-04	8.299982e+00	0.86 1.00 0.98  1 0 0	1
98	5100	111	0.000000e+00	1.000000e+00	1.000009e+01	1.657331e-02	6.628594e+00	0.00 0.15 0.22  1 1 1	1
99	5900	2639	0.000000e+00	2.600000e+01	1.300009e+01	5.443483e-04	8.183640e+00	0.63 1.00 0.97  1 0 0	1
100	3000	323	0.000000e+00	3.000000e+00	2.000008e+01	2.984556e-03	7.639950e+00	0.98 0.48 0.15  0 1 1	1
