133
16
20
108
96
104
114
50
40
24
150
312
312
25
64
72
76
78
27
13
184
80
8
351
546
500
66
130
63
104
130
28
30
296
176
54
5
70
11
24
112
30
27
4
64
252
105
90
37
80
95
42
12
119
75
24
30
42
32
234
360
54
121
424
96
16
112
66
30
248
132
96
96
15
7
88
16
9
153
378
300
120
18
32
70
60
33
5
124
57
168
40
120
72
78
494
120
75
66
13
72
12
108
350
64
165
162
182
90
84
324
15
96
8
81
72
60
105
128
90
63
88
11
213
108
35
70
27
7
12
50
156
143
112
45
9
64
112
64
80
215
22
21
160
154
8
224
322
10
52
98
51
110
77
36
64
559
72
140
180
26
20
234
22
24
144
54
2
96
403
27
20
42
39
240
110
102
7
152
22
60
69
41
9
28
57
8
5
156
14
42
136
180
154
20
90
52
583
189
132
90
572
224
72
42
210
60
24
48
80
108
105
210
300
81
13
64
14
342
20
102
154
12
75
112
39
112
85
204
66
115
36
12
102
24
77
180
20
56
32
48
72
84
125
99
20
570
32
36
208
18
112
90
18
12
20
21
28
6
630
84
91
96
160
287
33
102
42
210
27
6
80
30
30
792
80
35
180
120
125
108
16
174
28
72
56
36
60
87
135
24
35
224
187
460
16
27
40
60
252
4
29
76
200
112
423
4
75
448
25
33
539
560
84
24
60
39
24
88
70
32
8
77
33
49
25
42
52
48
100
255
54
153
22
72
96
126
348
48
275
50
30
32
6
285
261
24
273
224
940
50
30
52
110
50
9
30
12
37
250
24
66
138
144
96
144
285
28
18
198
180
36
171
32
6
125
6
21
40
30
40
105
22
42
42
78
92
14
120
265
49
105
12
24
253
42
48
48
60
40
112
525
18
77
40
140
180
36
216
40
182
352
63
72
13
54
24
252
15
24
180
14
242
55
126
108
30
90
108
96
136
10
120
125
80
80
88
325
61
54
24
484
34
128
260
14
129
9
88
440
35
352
648
495
32
72
120
8
33
80
594
20
144
594
112
39
216
165
40
65
248
96
23
4
24
76
90
480
391
16
24
55
234
5
30
100
85
78
160
49
253
20
58
76
120
180
20
90
105
160
66
220
72
12
126
33
63
88
54
54
594
96
54
22
242
60
240
20
44
12
36
144
27
40
108
210
242
344
52
60
21
10
874
10
54
192
80
80
176
11
66
132
85
112
51
306
30
714
630
88
325
2
76
741
44
12
165
174
12
390
240
3
80
36
80
20
4
27
56
92
133
119
84
44
52
667
123
140
7
16
35
119
36
10
75
72
44
65
144
88
24
34
90
60
90
24
224
3
176
27
52
182
32
48
184
297
40
180
286
20
30
14
91
44
180
15
44
52
520
60
343
64
96
126
110
92
32
48
114
50
315
477
57
48
110
90
690
42
99
64
12
273
38
56
150
42
69
288
300
234
9
86
66
126
8
120
42
312
230
12
102
4
12
42
476
72
37
54
28
2
96
18
357
180
143
128
99
264
21
39
60
26
28
228
38
50
130
28
2
10
36
65
16
120
4
80
66
92
100
64
143
119
56
54
30
168
153
108
243
88
224
228
24
112
33
126
56
78
240
432
72
17
68
80
77
60
138
64
60
55
36
145
96
245
76
8
138
54
48
165
144
140
516
42
98
126
21
84
90
13
24
84
9
122
147
88
198
170
78
90
24
24
90
162
230
171
39
68
112
40
30
50
320
300
95
42
96
168
196
96
154
70
75
64
24
108
100
16
72
115
136
27
196
82
46
21
48
54
100
26
57
252
147
165
34
144
75
55
36
18
32
18
128
340
87
58
621
87
95
58
21
18
19
110
145
260
51
154
13
238
19
91
147
504
48
171
48
66
48
42
11
468
225
9
84
156
33
180
55
132
16
160
70
36
216
361
238
13
270
120
40
90
210
60
8
140
60
11
128
88
240
11
9
20
27
57
10
54
48
135
78
108
175
50
208
28
34
160
180
11
6
304
9
324
16
26
300
28
39
27
64
15
25
126
4
70
39
56
54
8
95
120
130
6
9
35
56
64
21
24
15
80
54
55
42
20
629
30
40
8
24
270
56
168
48
21
9
108
28
187
18
80
105
19
18
39
3
8
91
18
38
35
207
18
48
135
15
75
63
4
468
32
52
40
20
20
16
6
105
10
80
63
60
4
196
44
60
162
15
16
24
90
14
42
33
28
442
95
50
12
42
55
90
66
48
126
187
30
6
54
