6 10 8 0
5 1 0 2
1 7 2 0
11 6 2 0
24 2 0 7
7 8 4 0
5 8 10 0
19 1 0 5
1 18 1 0
6 2 0 1
21 0 4 8
11 21 4 0
25 8 3 0
4 3 1 0
23 1 0 8
16 1 1 7
9 1 2 9
5 1 11 0
7 2 0 1
9 0 0 3
3 19 26 0
15 0 4 0
0 4 3 0
8 22 16 0
20 17 8 0
19 10 14 0
5 8 2 0
9 10 2 0
6 8 0 0
7 8 4 0
12 6 3 0
1 9 4 0
5 2 2 0
7 18 18 0
12 10 0 3
8 3 2 0
4 0 0 0
9 4 2 0
8 0 0 2
3 3 0 2
15 1 5 0
9 1 1 0
7 0 2 1
1 0 0 2
3 10 5 0
14 3 10 3
6 7 7 0
13 2 3 1
21 0 0 15
13 0 3 6
11 3 1 7
14 0 1 6
3 2 0 0
16 0 6 0
14 0 4 0
5 2 1 0
10 0 1 4
9 2 0 4
7 0 3 0
17 2 10 0
7 29 15 0
2 8 9 0
10 5 5 0
7 31 21 0
22 0 2 9
7 0 1 0
35 1 0 20
2 12 9 0
11 1 0 3
7 8 22 0
5 10 11 0
7 8 3 0
11 5 2 0
1 4 0 1
6 0 0 0
7 8 2 0
3 3 0 0
6 0 0 2
14 8 0 2
46 5 0 16
22 9 0 7
15 4 0 8
5 2 0 0
7 3 0 0
9 6 0 0
5 0 5 4
10 0 2 0
3 0 0 1
21 3 0 9
14 2 0 4
13 5 6 0
9 3 0 0
4 18 5 0
7 0 5 4
5 4 8 0
22 12 0 15
19 0 5 0
10 3 1 4
18 0 2 3
7 0 0 5
5 10 1 0
2 3 0 0
11 5 0 6
13 17 7 0
9 1 2 6
14 2 8 0
17 5 3 0
13 10 2 0
8 4 5 0
11 5 0 2
8 20 15 0
4 2 0 0
15 3 0 8
1 2 1 0
7 8 0 1
15 3 0 2
5 7 2 0
12 6 0 2
7 7 0 8
12 0 4 5
6 4 4 0
10 5 2 0
8 0 0 2
36 0 2 34
2 19 16 0
6 4 0 0
20 1 0 14
8 1 1 0
6 0 0 0
8 0 0 3
4 6 3 0
33 0 3 5
12 2 8 0
14 0 6 1
12 0 2 2
7 0 0 1
3 7 8 0
11 6 0 4
3 8 7 0
7 8 1 0
26 4 0 16
1 5 5 0
2 4 2 0
7 9 10 0
6 14 7 0
0 4 3 0
18 0 6 13
13 17 5 0
0 9 0 0
8 3 0 4
6 7 6 0
12 2 0 4
4 9 12 0
6 3 7 0
11 2 0 0
13 1 2 2
12 23 19 0
10 5 0 1
17 0 6 2
23 1 4 6
9 1 0 3
1 6 3 0
17 7 5 0
4 1 0 6
2 7 0 0
5 10 13 0
21 0 1 5
1 0 0 0
27 0 1 20
16 12 0 14
17 0 0 9
9 0 1 0
13 1 1 0
21 0 0 17
9 17 6 0
16 0 4 5
5 5 11 0
5 0 0 1
7 12 6 0
0 12 9 0
8 4 0 3
19 0 2 3
22 0 0 18
7 0 0 1
6 3 0 0
14 2 0 4
1 3 0 0
0 4 0 0
3 24 14 0
6 1 0 0
13 2 0 0
16 3 4 0
14 11 0 0
9 10 0 4
4 3 0 0
14 1 4 0
12 3 0 0
10 29 23 0
22 0 6 4
14 0 5 7
9 6 2 0
21 19 6 0
7 15 12 0
7 6 2 0
12 0 1 8
9 16 4 0
5 5 4 0
9 0 1 2
2 8 7 0
9 3 1 6
5 11 6 0
6 11 3 0
24 3 1 17
39 4 1 10
2 9 17 0
0 5 7 0
12 3 0 3
1 5 1 0
8 16 21 0
3 4 0 0
14 5 0 2
13 6 4 0
1 1 4 0
14 1 3 0
7 6 7 0
10 2 0 2
7 4 9 0
16 1 3 0
16 6 5 0
10 5 0 0
18 0 4 4
9 1 0 8
5 1 0 0
5 11 5 0
6 2 0 1
10 6 0 0
8 12 7 0
3 1 0 6
6 7 0 0
5 2 1 2
18 1 0 5
11 0 5 0
20 1 1 7
4 15 9 0
10 8 0 0
9 1 0 0
28 18 0 1
6 0 3 1
7 2 0 4
7 20 5 0
5 1 0 3
13 6 1 0
14 0 5 0
2 3 2 0
5 1 0 0
9 1 0 0
2 4 2 0
11 1 0 2
3 0 0 2
29 4 16 0
5 12 1 0
6 3 9 0
15 5 0 0
17 7 0 2
32 6 0 8
12 0 0 20
8 0 2 25
5 5 0 1
13 4 10 0
7 2 0 1
5 0 0 0
7 7 2 0
4 4 1 0
1 7 7 0
17 28 15 0
9 5 2 0
4 6 0 0
14 10 1 0
4 17 6 0
4 17 7 0
8 5 6 0
7 1 0 0
5 17 11 0
12 0 1 1
10 1 2 7
6 7 0 0
24 0 0 11
12 2 0 7
18 2 0 10
16 1 3 10
5 2 0 2
6 4 0 0
13 13 0 2
15 10 0 1
20 19 0 2
1 4 3 0
2 4 4 0
16 0 1 3
3 2 12 0
20 8 3 0
1 1 0 0
17 0 0 11
3 15 3 0
7 14 10 0
7 6 7 0
32 0 8 14
1 1 0 0
11 1 3 3
13 16 15 0
4 2 2 0
7 2 0 3
10 32 16 0
22 15 0 12
6 7 4 0
3 3 2 0
13 1 2 1
2 6 6 0
2 3 4 0
7 3 7 0
11 4 0 2
18 0 0 13
4 0 0 3
6 4 6 0
2 4 6 0
0 31 17 0
4 1 3 0
13 1 1 0
3 9 3 0
7 5 0 0
19 0 3 5
16 11 3 0
21 0 1 5
10 1 7 6
1 3 7 0
7 5 0 4
3 17 6 0
12 8 0 1
11 18 10 0
14 2 0 1
22 1 9 2
4 6 3 0
5 2 2 0
19 0 0 12
2 1 0 0
14 15 3 0
8 10 18 0
6 1 0 5
12 18 2 0
15 9 4 0
19 21 25 0
19 1 0 5
8 0 2 1
11 1 0 14
14 1 3 7
4 4 5 0
2 0 2 0
5 0 1 9
2 3 0 0
18 0 0 18
9 16 8 0
2 1 6 0
2 9 12 0
15 0 5 7
17 7 0 0
11 5 2 0
16 5 0 7
18 5 9 0
6 3 0 0
16 0 0 1
22 2 3 10
11 10 4 0
5 2 3 0
13 8 0 5
7 3 0 0
2 1 0 0
24 2 2 0
5 0 0 0
16 0 0 4
5 4 0 2
6 0 2 3
7 3 0 2
16 0 4 4
17 0 0 4
18 0 1 2
11 0 1 9
5 3 9 0
22 3 0 0
9 0 0 4
19 5 0 0
29 0 4 23
6 3 3 0
13 4 0 7
5 0 1 0
1 8 3 0
10 10 12 0
10 1 0 10
7 3 0 4
11 3 0 0
18 2 0 1
6 0 3 3
13 1 6 0
20 13 11 0
4 0 2 1
6 6 0 4
3 4 0 4
16 0 6 3
27 2 3 2
7 1 1 4
20 2 3 15
7 3 1 0
12 3 10 0
15 6 15 0
6 2 6 0
15 2 1 2
12 0 0 0
6 5 0 2
6 1 1 1
5 24 17 0
10 0 0 4
3 3 2 0
14 4 7 0
6 1 0 0
21 7 3 0
10 3 1 0
20 2 3 0
8 7 4 0
10 0 1 4
10 0 4 7
11 2 6 0
11 2 5 0
7 13 3 0
4 1 0 0
17 4 0 6
19 0 4 5
11 2 2 4
18 1 2 1
10 7 0 0
12 13 11 0
36 0 0 24
8 4 1 0
2 7 0 0
32 0 10 11
17 0 0 16
26 3 0 5
12 9 10 0
4 1 0 2
21 2 0 21
8 0 0 0
3 11 10 0
10 26 13 0
6 2 2 0
10 13 18 0
11 29 24 0
14 24 8 0
7 2 1 0
5 6 5 0
9 6 5 0
3 1 0 0
10 0 2 0
32 0 1 7
44 1 7 21
14 0 0 5
8 12 3 0
17 12 20 0
13 7 0 0
8 2 0 4
8 17 6 0
4 11 21 0
9 1 2 0
4 10 2 0
7 20 10 0
5 8 7 0
12 0 0 10
3 0 0 0
8 1 0 3
14 0 3 4
14 0 4 3
19 9 14 0
16 14 8 0
3 3 0 0
3 4 1 0
9 4 0 1
26 5 0 12
0 0 4 0
9 2 0 0
3 13 11 0
14 2 2 2
12 2 0 13
22 4 0 9
6 5 1 0
10 15 7 0
1 4 5 0
1 18 10 0
1 15 22 0
29 2 1 0
30 2 2 5
5 1 0 4
10 3 1 7
22 0 2 12
7 12 7 0
18 1 1 3
38 1 3 5
10 1 4 1
3 2 0 0
8 10 3 0
10 1 1 0
8 2 4 0
28 0 1 15
15 2 0 2
5 4 4 0
26 18 3 0
11 3 4 0
8 1 4 0
15 0 0 6
10 11 10 0
18 2 0 1
9 12 11 0
7 0 1 2
13 1 0 8
1 5 0 0
5 4 1 0
20 3 0 15
4 1 1 4
9 2 1 0
8 8 3 0
24 4 0 17
10 14 7 0
7 24 18 0
14 1 0 11
5 0 9 0
13 0 0 7
9 0 0 0
27 22 0 10
3 1 0 1
5 3 2 3
15 7 0 8
20 0 1 19
11 4 0 4
21 3 4 0
8 0 0 2
10 1 4 0
5 9 12 0
14 4 0 2
6 10 5 0
12 1 1 4
8 18 15 0
5 3 1 0
36 2 11 14
14 22 19 0
14 1 2 7
12 22 2 0
1 0 0 0
13 0 3 5
18 23 15 0
15 1 0 6
3 1 1 0
10 12 2 0
21 2 3 7
5 0 1 0
5 40 24 0
9 14 9 0
0 2 0 0
3 9 10 0
11 1 0 6
14 0 4 1
4 3 0 0
1 1 0 0
7 1 1 1
11 0 3 2
12 0 3 10
15 1 5 3
14 6 0 2
16 2 1 4
3 9 1 0
8 3 0 4
22 16 12 0
21 2 0 19
9 10 3 0
5 0 0 1
6 0 1 1
4 6 0 0
6 10 6 0
8 0 3 0
7 0 0 2
17 1 1 7
7 4 4 0
6 3 0 4
11 0 4 1
15 0 8 0
18 3 0 3
6 1 1 1
13 0 1 3
4 7 10 0
5 5 4 0
9 8 0 0
10 0 1 1
17 3 3 14
2 0 0 0
15 4 6 0
8 0 2 0
1 21 4 0
22 1 5 3
15 0 1 0
13 0 2 2
7 8 14 0
8 23 9 0
14 0 1 5
23 1 4 6
21 9 3 0
4 0 3 0
2 4 5 0
1 2 4 0
6 1 11 0
3 4 6 0
34 1 3 1
2 1 3 0
10 0 3 0
13 1 0 12
12 23 16 0
4 10 1 0
6 21 27 0
5 7 0 2
14 5 0 1
6 9 8 0
18 4 0 3
3 11 11 0
7 1 2 0
15 0 2 0
15 5 0 3
7 0 4 2
20 4 10 0
36 0 8 16
16 1 1 2
5 7 0 0
16 0 4 5
5 10 4 0
9 39 29 0
6 5 0 0
17 1 1 15
1 16 15 0
1 1 4 0
12 9 11 0
10 0 1 8
18 0 1 9
4 20 9 0
11 0 1 9
2 5 17 0
11 14 9 0
11 11 13 0
12 9 8 0
2 1 1 0
22 0 1 20
10 4 1 0
14 1 4 6
7 0 0 0
7 10 4 0
6 5 0 0
24 11 0 1
18 3 6 4
2 0 3 0
20 2 0 13
0 3 0 0
10 0 0 1
1 12 8 0
16 19 8 0
13 2 0 10
20 0 0 16
17 1 1 0
7 1 0 6
0 0 1 0
17 0 3 6
5 1 1 0
20 16 0 0
9 13 4 0
8 10 0 4
7 6 9 0
8 3 7 0
21 7 0 11
2 5 1 0
12 1 1 0
9 3 0 5
3 1 0 9
11 1 0 2
11 17 1 0
13 1 0 5
4 8 1 0
15 1 3 10
3 5 1 0
0 1 0 0
4 1 0 0
11 1 1 0
12 0 4 0
3 3 0 0
9 7 4 0
3 0 0 0
14 2 2 1
10 2 3 0
11 3 0 11
19 3 0 5
15 2 1 0
10 6 6 0
13 5 1 3
7 6 0 0
8 3 2 0
4 1 4 0
21 5 0 6
16 7 1 0
11 6 2 0
8 14 12 0
10 0 7 0
15 4 9 0
5 23 14 0
7 0 2 0
13 0 3 14
8 0 2 2
5 20 0 0
22 1 0 5
9 0 5 3
9 15 8 0
11 21 14 0
16 0 2 7
9 0 0 7
14 3 0 2
12 4 0 3
6 7 3 0
9 1 4 0
30 1 1 15
15 1 2 0
4 8 3 0
10 3 1 0
8 2 1 0
16 0 4 12
12 3 0 11
29 4 2 5
14 0 3 4
7 0 0 0
17 1 4 5
2 9 8 0
5 5 2 0
10 6 8 0
20 0 3 15
13 4 5 0
11 19 23 0
5 3 3 0
6 10 3 0
17 2 3 3
5 1 1 1
5 9 4 0
9 4 4 0
8 0 0 4
7 2 0 0
11 5 0 2
2 2 0 0
71 0 0 50
6 8 12 0
3 12 9 0
15 0 10 2
27 4 0 6
8 5 0 4
8 6 3 0
9 0 1 2
5 2 1 0
5 6 8 0
8 13 4 0
34 0 4 11
18 7 1 0
11 2 0 1
21 1 0 12
12 2 5 1
25 0 0 14
11 0 1 3
19 1 0 5
35 1 6 4
14 16 3 0
15 4 0 3
2 6 7 0
7 9 2 0
13 3 8 0
13 9 4 0
7 8 3 0
10 6 7 0
20 1 0 14
4 10 4 0
7 2 5 0
1 6 5 0
8 7 4 0
4 14 5 0
9 0 0 6
5 3 8 0
4 16 6 0
7 6 10 0
7 0 2 1
34 0 3 14
22 0 1 18
12 1 0 10
6 2 0 0
12 0 1 11
2 5 12 0
12 4 0 7
1 9 3 0
0 27 29 0
16 0 11 4
6 14 6 0
10 13 1 0
21 0 0 12
17 6 1 0
10 1 3 4
4 5 5 0
3 6 2 0
13 0 0 4
9 1 0 6
11 0 0 6
17 0 3 14
16 14 5 0
25 2 0 3
16 0 1 12
22 18 8 0
2 17 11 0
4 10 8 0
25 0 1 3
5 0 2 1
1 7 1 0
10 0 0 8
10 8 1 0
26 1 3 2
9 15 10 0
16 2 0 0
13 4 6 0
0 4 8 0
25 1 5 8
18 0 0 0
12 4 2 0
20 1 5 0
17 13 14 0
11 0 3 0
8 17 1 0
5 6 1 0
10 1 4 0
3 6 5 0
11 2 0 2
8 0 0 2
11 16 22 0
14 9 5 0
2 2 0 0
6 6 5 0
11 10 2 0
2 6 4 0
16 4 4 3
8 1 3 2
10 7 4 0
9 0 0 6
15 0 9 0
9 5 1 0
13 1 0 4
8 16 7 0
18 15 3 0
16 8 5 0
9 0 0 3
9 16 10 0
5 12 7 0
7 3 1 0
5 12 2 0
14 7 6 0
8 4 1 1
3 1 0 0
4 18 9 0
13 1 2 1
7 0 0 3
22 0 3 9
7 6 4 0
15 11 0 4
8 0 0 2
5 0 0 3
5 1 0 4
2 5 3 0
11 2 0 7
8 0 0 1
5 5 3 0
3 8 3 0
8 9 5 0
23 0 2 2
28 2 0 7
6 13 11 0
9 0 4 0
24 2 5 1
8 0 1 5
13 1 0 3
9 14 1 0
24 3 1 11
6 0 0 4
5 0 0 0
15 11 7 0
2 0 2 0
24 8 0 11
5 1 0 2
15 0 0 10
11 15 9 0
17 0 0 10
9 0 2 3
7 2 0 1
21 1 0 10
3 2 0 1
4 2 2 0
20 5 0 0
3 0 0 0
6 6 3 0
11 2 0 1
13 3 0 0
14 2 0 3
7 0 0 0
11 4 0 7
15 1 4 4
4 11 14 0
0 4 1 0
8 0 0 0
4 6 0 0
6 5 2 0
7 3 4 0
2 4 2 0
2 7 0 0
4 1 1 0
14 0 4 1
13 2 0 4
10 3 1 0
12 0 2 1
9 0 1 0
23 16 0 13
19 0 0 10
8 3 0 1
3 0 1 0
5 2 1 0
26 2 7 0
6 2 5 0
5 14 13 0
10 1 0 13
2 5 1 0
6 0 0 2
24 2 1 2
3 4 2 0
10 12 4 0
4 0 2 1
7 6 3 0
15 2 0 19
9 0 0 9
8 0 1 0
9 2 0 3
0 2 0 0
7 0 0 0
10 0 6 2
5 2 0 0
14 1 0 4
4 6 0 0
8 11 11 0
8 0 1 0
5 7 0 0
13 0 4 13
4 1 1 0
16 2 0 8
4 8 0 2
3 0 0 0
12 27 8 0
4 3 0 3
3 4 8 0
4 1 6 0
4 1 2 0
8 0 1 1
3 2 1 0
2 1 0 0
16 4 0 4
8 0 0 1
3 10 9 0
8 4 2 0
9 4 0 2
1 0 1 0
26 0 6 1
8 3 0 2
6 3 0 8
5 12 14 0
4 2 0 0
7 1 0 0
3 2 3 0
12 1 3 5
5 0 1 1
16 1 0 4
7 2 0 3
8 1 0 5
14 25 0 2
12 4 0 6
4 5 4 0
2 2 1 0
5 4 2 0
7 4 0 3
5 6 8 0
16 2 0 5
3 5 6 0
5 8 12 0
16 6 4 0
8 1 0 6
2 1 0 0
11 0 2 6
