1	300	113	0.000000e+00	1.000000e+00	1.200009e+01	2.006774e-03	7.874809e+00	0.98 0.21 0.07  0 1 1	133
2	200	8833	0.000000e+00	8.700000e+01	4.600005e+01	3.360645e-04	8.585006e+00	0.88 1.00 0.91  1 0 1	16
3	300	3	0.000000e+00	0.000000e+00	3.000097e+00	2.652576e-03	8.340986e+00	0.46 0.00 0.04  1 1 1	20
4	300	2776	0.000000e+00	2.700000e+01	4.900005e+01	4.100209e-04	8.508430e+00	1.00 1.00 0.90  0 0 1	108
5	200	4241	0.000000e+00	4.100000e+01	1.000000e+02	9.171937e-04	7.937617e+00	1.00 0.89 0.82  0 1 1	96
6	300	525	0.000000e+00	5.000000e+00	2.000008e+01	8.005286e-04	8.384873e+00	0.99 0.75 0.15  0 1 1	104
7	300	112	0.000000e+00	1.000000e+00	1.100009e+01	2.236209e-03	7.856168e+00	0.98 0.12 0.04  0 1 1	114
8	200	4221	0.000000e+00	4.100000e+01	8.000002e+01	5.585007e-04	8.315207e+00	1.00 0.94 0.89  0 1 1	50
9	300	4	0.000000e+00	0.000000e+00	4.000096e+00	8.348326e-03	7.317603e+00	0.91 0.00 0.10  1 1 1	40
10	200	7014	0.000000e+00	6.900000e+01	4.500006e+01	3.234086e-04	8.632483e+00	0.92 1.00 0.88  1 0 1	24
11	100	2810	0.000000e+00	2.700000e+01	8.300002e+01	7.590018e-04	7.890056e+00	1.00 0.90 0.88  0 1 1	150
12	300	119	0.000000e+00	1.000000e+00	1.800008e+01	2.092068e-03	7.398715e+00	1.00 0.39 0.49  0 1 1	312
13	300	2817	0.000000e+00	2.700000e+01	9.000001e+01	1.041817e-03	7.737094e+00	1.00 0.95 0.98  0 0 0	312
14	300	1124	0.000000e+00	1.100000e+01	1.300009e+01	3.950767e-04	8.611189e+00	0.83 1.00 0.86  1 0 1	25
15	200	4241	0.000000e+00	4.100000e+01	1.000000e+02	9.487314e-04	7.995965e+00	1.00 0.91 0.76  0 1 1	64
16	100	6059	0.000000e+00	5.900000e+01	1.000000e+02	4.955459e-04	8.304933e+00	1.00 0.93 0.86  0 1 1	72
17	100	7069	0.000000e+00	6.900000e+01	1.000000e+02	4.010768e-04	8.454516e+00	1.00 0.97 0.85  0 0 1	76
18	300	110	0.000000e+00	1.000000e+00	9.000091e+00	1.163452e-03	8.390350e+00	0.98 0.53 0.06  0 1 1	78
19	200	7019	0.000000e+00	6.900000e+01	5.000005e+01	3.120110e-04	8.651345e+00	0.97 1.00 0.85  0 0 1	27
20	200	9462	0.000000e+00	9.300000e+01	6.900003e+01	3.335009e-04	8.631890e+00	0.99 1.00 0.87  0 0 1	13
21	300	9	0.000000e+00	0.000000e+00	9.000091e+00	1.703142e-02	6.015337e+00	0.72 0.00 0.10  1 1 1	184
22	300	7775	0.000000e+00	7.600000e+01	9.900000e+01	3.831393e-04	8.510357e+00	1.00 1.00 0.93  0 0 1	80
23	300	2	0.000000e+00	0.000000e+00	2.000098e+00	4.414916e-03	8.245751e+00	0.18 0.00 0.23  1 1 1	8
24	300	13	0.000000e+00	0.000000e+00	1.300009e+01	3.984694e-03	6.826683e+00	0.99 0.00 0.04  0 1 1	351
25	300	1180	0.000000e+00	1.100000e+01	6.900003e+01	1.602182e-03	7.252205e+00	1.00 0.76 0.95  0 1 1	546
26	300	1177	0.000000e+00	1.100000e+01	6.600003e+01	1.509556e-03	7.316567e+00	1.00 0.81 0.94  0 1 1	500
27	300	109	0.000000e+00	1.000000e+00	8.000092e+00	8.237253e-04	8.536831e+00	0.98 0.79 0.05  0 1 1	66
28	300	527	0.000000e+00	5.000000e+00	2.200008e+01	6.770669e-04	8.342587e+00	0.99 0.86 0.42  0 1 1	130
29	400	520	0.000000e+00	5.000000e+00	1.500008e+01	5.025653e-04	8.630330e+00	0.99 1.00 0.19  0 0 1	63
30	300	525	0.000000e+00	5.000000e+00	2.000008e+01	8.005286e-04	8.384873e+00	0.99 0.75 0.15  0 1 1	104
31	300	2781	0.000000e+00	2.700000e+01	5.400005e+01	4.631830e-04	8.426769e+00	1.00 0.97 0.89  0 0 1	130
32	300	4	0.000000e+00	0.000000e+00	4.000096e+00	4.867931e-03	7.948071e+00	0.55 0.00 0.02  1 1 1	28
33	300	2750	0.000000e+00	2.700000e+01	2.300008e+01	3.586258e-04	8.638854e+00	0.91 1.00 0.88  1 0 1	30
34	300	12	0.000000e+00	0.000000e+00	1.200009e+01	4.150659e-03	6.871753e+00	0.99 0.00 0.01  0 1 1	296
35	200	1564	0.000000e+00	1.500000e+01	4.900005e+01	6.655923e-04	8.176176e+00	1.00 0.89 0.67  0 1 1	176
36	300	2760	0.000000e+00	2.700000e+01	3.300007e+01	3.189516e-04	8.652290e+00	0.99 1.00 0.89  0 0 1	54
37	400	9416	0.000000e+00	9.300000e+01	2.300008e+01	5.257473e-04	8.239959e+00	0.36 1.00 0.98  1 0 0	5
38	300	2765	0.000000e+00	2.700000e+01	3.800006e+01	3.369229e-04	8.622184e+00	1.00 1.00 0.89  0 0 1	70
39	200	9450	0.000000e+00	9.300000e+01	5.700004e+01	3.448613e-04	8.618743e+00	0.98 1.00 0.89  0 0 1	11
40	200	1531	0.000000e+00	1.500000e+01	1.600008e+01	4.036732e-04	8.612543e+00	0.85 1.00 0.88  1 0 1	24
41	300	7170	0.000000e+00	7.000000e+01	1.000000e+02	4.404531e-04	8.443391e+00	1.00 1.00 0.94  0 0 1	112
42	300	8037	0.000000e+00	7.900000e+01	5.800004e+01	3.187678e-04	8.636613e+00	0.99 1.00 0.92  0 0 1	30
43	100	7019	0.000000e+00	6.900000e+01	5.000005e+01	3.130703e-04	8.654477e+00	0.96 1.00 0.85  0 0 1	27
44	200	8804	0.000000e+00	8.700000e+01	1.700008e+01	5.716239e-04	8.113602e+00	0.04 1.00 0.98  1 0 0	4
45	300	110	0.000000e+00	1.000000e+00	9.000091e+00	2.296491e-03	8.030992e+00	0.96 0.04 0.03  0 1 1	64
46	100	539	0.000000e+00	5.000000e+00	3.400007e+01	1.189908e-03	7.853053e+00	1.00 0.76 0.88  0 1 1	252
47	300	111	0.000000e+00	1.000000e+00	1.000009e+01	1.275848e-03	8.223525e+00	0.98 0.48 0.09  0 1 1	105
48	100	1552	0.000000e+00	1.500000e+01	3.700006e+01	4.087681e-04	8.505542e+00	1.00 0.98 0.76  0 0 1	90
49	200	3736	0.000000e+00	3.600000e+01	1.000000e+02	1.057641e-03	7.813305e+00	1.00 0.87 0.52  0 1 1	37
50	100	4932	0.000000e+00	4.800000e+01	8.400002e+01	4.135209e-04	8.416689e+00	1.00 0.96 0.84  0 0 1	80
51	100	4016	0.000000e+00	3.900000e+01	7.700002e+01	4.148699e-04	8.402517e+00	1.00 0.95 0.81  0 1 1	95
52	100	6866	0.000000e+00	6.700000e+01	9.900000e+01	4.034452e-04	8.466690e+00	1.00 1.00 0.90  0 0 1	42
53	400	1525	0.000000e+00	1.500000e+01	1.000009e+01	4.459536e-04	8.396502e+00	0.56 1.00 0.97  1 0 0	12
54	300	7170	0.000000e+00	7.000000e+01	1.000000e+02	4.586515e-04	8.406017e+00	1.00 1.00 0.94  0 0 1	119
55	300	7157	0.000000e+00	7.000000e+01	8.700001e+01	3.636017e-04	8.537879e+00	1.00 1.00 0.93  0 0 1	75
56	300	2747	0.000000e+00	2.700000e+01	2.000008e+01	3.509330e-04	8.595237e+00	0.87 1.00 0.93  1 0 1	24
57	100	8873	0.000000e+00	8.700000e+01	8.600001e+01	3.142846e-04	8.617958e+00	1.00 1.00 0.87  0 0 1	30
58	200	7043	0.000000e+00	6.900000e+01	7.400003e+01	3.024280e-04	8.621999e+00	1.00 1.00 0.85  0 0 1	42
59	300	7119	0.000000e+00	7.000000e+01	4.900005e+01	3.213628e-04	8.639091e+00	0.98 1.00 0.92  0 0 1	32
60	300	2801	0.000000e+00	2.700000e+01	7.400003e+01	7.443137e-04	8.027829e+00	1.00 0.94 0.93  0 1 1	234
61	300	15	0.000000e+00	0.000000e+00	1.500008e+01	5.847147e-03	6.521516e+00	0.99 0.00 0.12  0 1 1	360
62	300	6	0.000000e+00	0.000000e+00	6.000094e+00	4.310075e-03	7.716189e+00	0.87 0.00 0.06  1 1 1	54
63	300	1142	0.000000e+00	1.100000e+01	3.100007e+01	4.690808e-04	8.444889e+00	1.00 0.95 0.76  0 0 1	121
64	300	19	0.000000e+00	0.000000e+00	1.900008e+01	8.378107e-03	6.155951e+00	0.85 0.00 0.03  1 1 1	424
65	100	4241	0.000000e+00	4.100000e+01	1.000000e+02	8.696367e-04	7.934483e+00	1.00 0.90 0.83  0 1 1	96
66	300	9440	0.000000e+00	9.300000e+01	4.700005e+01	3.628715e-04	8.564420e+00	0.90 1.00 0.95  1 0 1	16
67	200	1390	0.000000e+00	1.300000e+01	7.700002e+01	1.852772e-03	7.094464e+00	0.99 0.68 0.41  0 1 1	112
68	300	7	0.000000e+00	0.000000e+00	7.000093e+00	6.048885e-03	7.354485e+00	0.97 0.00 0.06  0 1 1	66
69	200	8872	0.000000e+00	8.700000e+01	8.500002e+01	3.187863e-04	8.615093e+00	1.00 1.00 0.87  0 0 1	30
70	300	118	0.000000e+00	1.000000e+00	1.700008e+01	3.105889e-03	7.129060e+00	0.99 0.00 0.01  0 1 1	248
71	300	114	0.000000e+00	1.000000e+00	1.300009e+01	2.585754e-03	7.619110e+00	0.98 0.06 0.04  0 1 1	132
72	300	524	0.000000e+00	5.000000e+00	1.900008e+01	7.025861e-04	8.458453e+00	0.99 0.83 0.17  0 1 1	96
73	300	2773	0.000000e+00	2.700000e+01	4.600005e+01	3.739423e-04	8.543737e+00	1.00 1.00 0.92  0 0 1	96
74	200	1527	0.000000e+00	1.500000e+01	1.200009e+01	5.977570e-04	8.514094e+00	0.63 0.99 0.90  1 0 1	15
75	400	9428	0.000000e+00	9.300000e+01	3.500006e+01	4.396013e-04	8.431973e+00	0.75 1.00 0.97  1 0 0	7
76	300	523	0.000000e+00	5.000000e+00	1.800008e+01	6.066739e-04	8.522695e+00	0.99 0.89 0.22  0 1 1	88
77	400	1527	0.000000e+00	1.500000e+01	1.200009e+01	4.521807e-04	8.496271e+00	0.67 1.00 0.93  1 0 1	16
78	200	9439	0.000000e+00	9.300000e+01	4.600005e+01	3.718581e-04	8.561084e+00	0.89 1.00 0.92  1 0 1	9
79	200	1561	0.000000e+00	1.500000e+01	4.600005e+01	5.615354e-04	8.264913e+00	1.00 0.91 0.74  0 1 1	153
80	200	1103	0.000000e+00	1.000000e+01	9.300001e+01	2.585545e-03	6.796651e+00	1.00 0.59 0.97  0 1 0	378
81	200	1586	0.000000e+00	1.500000e+01	7.100003e+01	1.026679e-03	7.612470e+00	1.00 0.88 0.94  0 1 1	300
82	200	4948	0.000000e+00	4.800000e+01	1.000000e+02	5.740681e-04	8.183690e+00	1.00 0.92 0.84  0 1 1	120
83	400	7104	0.000000e+00	7.000000e+01	3.400007e+01	3.662298e-04	8.536468e+00	0.82 1.00 0.95  1 0 0	18
84	400	7119	0.000000e+00	7.000000e+01	4.900005e+01	3.172155e-04	8.642503e+00	0.98 1.00 0.91  0 0 1	32
85	400	2765	0.000000e+00	2.700000e+01	3.800006e+01	3.335305e-04	8.623501e+00	1.00 1.00 0.87  0 0 1	70
86	100	1543	0.000000e+00	1.500000e+01	2.800007e+01	3.845496e-04	8.641817e+00	0.99 0.99 0.61  0 0 1	60
87	300	8042	0.000000e+00	7.900000e+01	6.300004e+01	3.159982e-04	8.636501e+00	0.99 1.00 0.91  0 0 1	33
88	200	8810	0.000000e+00	8.700000e+01	2.300008e+01	5.019517e-04	8.252348e+00	0.36 1.00 0.98  1 0 0	5
89	200	2811	0.000000e+00	2.700000e+01	8.400002e+01	7.791800e-04	7.919767e+00	1.00 0.90 0.86  0 1 1	124
90	200	6249	0.000000e+00	6.100000e+01	8.800001e+01	3.675120e-04	8.497011e+00	1.00 1.00 0.89  0 0 1	57
91	300	2789	0.000000e+00	2.700000e+01	6.200004e+01	5.606120e-04	8.268512e+00	1.00 0.94 0.85  0 1 1	168
92	400	7128	0.000000e+00	7.000000e+01	5.800004e+01	3.089360e-04	8.646780e+00	0.99 1.00 0.91  0 0 1	40
93	300	8	0.000000e+00	0.000000e+00	8.000092e+00	3.502767e-03	7.424549e+00	0.97 0.00 0.03  0 1 1	120
94	100	1546	0.000000e+00	1.500000e+01	3.100007e+01	3.857630e-04	8.597405e+00	0.99 1.00 0.68  0 0 1	72
95	300	110	0.000000e+00	1.000000e+00	9.000091e+00	1.163452e-03	8.390350e+00	0.98 0.53 0.06  0 1 1	78
96	200	1607	0.000000e+00	1.500000e+01	9.200001e+01	1.627489e-03	7.217433e+00	1.00 0.87 0.97  0 1 0	494
97	300	5653	0.000000e+00	5.500000e+01	9.800000e+01	4.825877e-04	8.329730e+00	1.00 0.97 0.92  0 0 1	120
98	100	1549	0.000000e+00	1.500000e+01	3.400007e+01	3.574430e-04	8.546194e+00	1.00 1.00 0.80  0 0 1	75
99	100	6261	0.000000e+00	6.100000e+01	1.000000e+02	4.426978e-04	8.389511e+00	1.00 0.96 0.87  0 0 1	66
100	200	9462	0.000000e+00	9.300000e+01	6.900003e+01	3.335009e-04	8.631890e+00	0.99 1.00 0.87  0 0 1	13
