1	300	113	0.000000e+00	1.000000e+00	1.200009e+01	2.458496e-03	7.769850e+00	0.98 0.13 0.09  0 1 1	1
2	200	1225	0.000000e+00	1.200000e+01	1.300009e+01	4.708309e-04	8.598042e+00	0.82 1.00 0.81  1 0 1	1
3	300	3	0.000000e+00	0.000000e+00	3.000097e+00	2.563422e-03	8.413567e+00	0.42 0.30 0.31  1 1 1	1
4	300	2878	0.000000e+00	2.800000e+01	5.000005e+01	4.110248e-04	8.489458e+00	1.00 1.00 0.88  0 0 1	1
5	200	1478	0.000000e+00	1.400000e+01	6.400004e+01	1.080109e-03	7.759552e+00	1.00 0.85 0.87  0 1 1	1
6	300	319	0.000000e+00	3.000000e+00	1.600008e+01	8.291083e-04	8.383211e+00	0.99 0.82 0.09  0 1 1	1
7	300	12	0.000000e+00	0.000000e+00	1.200009e+01	2.433708e-03	7.689478e+00	0.97 0.00 0.00  0 1 1	1
8	200	1765	0.000000e+00	1.700000e+01	4.800005e+01	6.501403e-04	8.240477e+00	1.00 0.89 0.79  0 1 1	1
9	300	21	0.000000e+00	0.000000e+00	2.100008e+01	2.269429e-03	7.856031e+00	0.98 0.06 0.19  0 1 1	1
10	200	4985	0.000000e+00	4.900000e+01	3.600006e+01	3.550417e-04	8.631140e+00	0.92 1.00 0.94  1 0 1	1
11	100	644	0.000000e+00	6.000000e+00	3.800006e+01	1.678762e-03	7.562825e+00	1.00 0.80 0.25  0 1 1	1
12	300	332	0.000000e+00	3.000000e+00	2.900007e+01	1.895730e-03	7.430473e+00	1.00 0.60 0.94  0 1 1	1
13	300	3332	0.000000e+00	3.200000e+01	1.000000e+02	1.074662e-03	7.722019e+00	1.00 0.97 0.99  0 0 0	1
14	300	2951	0.000000e+00	2.900000e+01	2.200008e+01	4.037224e-04	8.610821e+00	0.83 1.00 0.88  1 0 1	1
15	200	640	0.000000e+00	6.000000e+00	3.400007e+01	1.148711e-03	7.783255e+00	1.00 0.84 0.76  0 1 1	1
16	100	116	0.000000e+00	1.000000e+00	1.500008e+01	1.112895e-03	8.048079e+00	0.99 0.69 0.06  0 1 1	1
17	100	112	0.000000e+00	1.000000e+00	1.100009e+01	2.673346e-03	7.780084e+00	0.97 0.33 0.07  0 1 1	1
18	300	8	0.000000e+00	0.000000e+00	8.000092e+00	1.568565e-03	8.264456e+00	0.97 0.13 0.03  0 1 1	1
19	200	3464	0.000000e+00	3.400000e+01	3.000007e+01	3.404944e-04	8.644996e+00	0.97 1.00 0.95  0 0 1	1
20	200	1232	0.000000e+00	1.200000e+01	2.000008e+01	4.324664e-04	8.662383e+00	0.98 1.00 0.77  0 0 1	1
21	300	130	0.000000e+00	1.000000e+00	2.900007e+01	1.123694e-02	5.577320e+00	0.68 0.37 0.31  1 1 1	1
22	300	6561	0.000000e+00	6.400000e+01	9.700000e+01	5.299372e-04	8.508859e+00	1.00 1.00 0.96  0 0 0	1
23	300	3	0.000000e+00	0.000000e+00	3.000097e+00	5.336812e-03	8.085831e+00	0.00 0.19 0.41  1 1 1	1
24	300	127	0.000000e+00	1.000000e+00	2.600007e+01	5.595676e-03	6.660935e+00	0.99 0.14 0.23  0 1 1	1
25	300	1700	0.000000e+00	1.600000e+01	8.400002e+01	1.526127e-03	7.243072e+00	1.00 0.85 0.90  0 1 1	1
26	300	549	0.000000e+00	5.000000e+00	4.400006e+01	1.699956e-03	7.258383e+00	1.00 0.64 0.85  0 1 1	1
27	300	1135	0.000000e+00	1.100000e+01	2.400008e+01	6.118188e-04	8.567616e+00	0.99 0.88 0.19  0 1 1	1
28	300	1555	0.000000e+00	1.500000e+01	4.000006e+01	5.772078e-04	8.359082e+00	1.00 0.91 0.63  0 1 1	1
29	400	1443	0.000000e+00	1.400000e+01	2.900007e+01	4.581517e-04	8.610734e+00	0.99 1.00 0.77  0 0 1	1
30	300	420	0.000000e+00	4.000000e+00	1.600008e+01	9.371280e-04	8.375926e+00	0.99 0.64 0.11  0 1 1	1
31	300	4419	0.000000e+00	4.300000e+01	7.600002e+01	4.392339e-04	8.417019e+00	1.00 0.99 0.88  0 0 1	1
32	300	4	0.000000e+00	0.000000e+00	4.000096e+00	4.637059e-03	7.915348e+00	0.34 0.00 0.09  1 1 1	1
33	300	1532	0.000000e+00	1.500000e+01	1.700008e+01	3.986776e-04	8.633278e+00	0.90 1.00 0.89  1 0 1	1
34	300	14	0.000000e+00	0.000000e+00	1.400009e+01	5.431220e-03	6.640429e+00	0.99 0.13 0.17  0 1 1	1
35	200	943	0.000000e+00	9.000000e+00	3.400007e+01	9.275758e-04	8.081508e+00	1.00 0.85 0.07  0 1 1	1
36	300	3981	0.000000e+00	3.900000e+01	4.200006e+01	3.254149e-04	8.644313e+00	0.99 1.00 0.92  0 0 1	1
37	400	10024	0.000000e+00	9.900000e+01	2.500007e+01	5.724921e-04	8.222651e+00	0.39 1.00 0.99  1 0 0	1
38	300	3783	0.000000e+00	3.700000e+01	4.600005e+01	3.306350e-04	8.612896e+00	1.00 1.00 0.88  0 0 1	1
39	200	2448	0.000000e+00	2.400000e+01	2.400008e+01	3.798822e-04	8.640419e+00	0.94 1.00 0.85  1 0 1	1
40	200	921	0.000000e+00	9.000000e+00	1.200009e+01	6.461377e-04	8.607275e+00	0.75 0.99 0.46  1 0 1	1
41	300	2680	0.000000e+00	2.600000e+01	5.400005e+01	4.899081e-04	8.426223e+00	1.00 0.99 0.92  0 0 1	1
42	300	9558	0.000000e+00	9.400000e+01	6.400004e+01	3.486747e-04	8.616025e+00	0.99 1.00 0.97  0 0 0	1
43	100	1025	0.000000e+00	1.000000e+01	1.500008e+01	3.991764e-04	8.664198e+00	0.94 1.00 0.85  1 0 1	1
44	200	1	0.000000e+00	0.000000e+00	1.000099e+00	1.795135e-03	8.120341e+00	0.08 0.99 0.98  1 0 0	1
45	300	111	0.000000e+00	1.000000e+00	1.000009e+01	3.636044e-03	7.978564e+00	0.77 0.19 0.07  1 1 1	1
46	100	1670	0.000000e+00	1.600000e+01	5.400005e+01	1.724515e-03	7.648820e+00	1.00 0.72 0.43  0 1 1	1
47	300	218	0.000000e+00	2.000000e+00	1.600008e+01	1.621666e-03	8.119347e+00	0.98 0.28 0.03  0 1 1	1
48	100	934	0.000000e+00	9.000000e+00	2.500007e+01	4.719821e-04	8.489371e+00	1.00 0.99 0.86  0 0 1	1
49	200	17	0.000000e+00	0.000000e+00	1.700008e+01	5.486149e-03	6.842795e+00	0.99 0.12 0.35  0 1 1	1
50	100	217	0.000000e+00	2.000000e+00	1.500008e+01	1.338680e-03	8.094723e+00	0.99 0.26 0.03  0 1 1	1
51	100	423	0.000000e+00	4.000000e+00	1.900008e+01	1.464048e-03	8.133728e+00	0.99 0.79 0.15  0 1 1	1
52	100	9	0.000000e+00	0.000000e+00	9.000091e+00	1.333559e-03	8.291621e+00	0.98 0.46 0.01  0 1 1	1
53	400	2943	0.000000e+00	2.900000e+01	1.400009e+01	4.372656e-04	8.398080e+00	0.58 1.00 0.99  1 0 0	1
54	300	1558	0.000000e+00	1.500000e+01	4.300006e+01	8.510658e-04	8.327056e+00	1.00 0.92 0.64  0 1 1	1
55	300	2979	0.000000e+00	2.900000e+01	5.000005e+01	4.447938e-04	8.536033e+00	1.00 1.00 0.81  0 0 1	1
56	300	5487	0.000000e+00	5.400000e+01	3.300007e+01	3.574021e-04	8.587351e+00	0.87 1.00 0.95  1 0 1	1
57	100	109	0.000000e+00	1.000000e+00	8.000092e+00	8.482168e-04	8.595597e+00	0.98 0.80 0.14  0 1 1	1
58	200	520	0.000000e+00	5.000000e+00	1.500008e+01	6.169167e-04	8.602856e+00	0.99 0.93 0.32  0 1 1	1
59	300	1432	0.000000e+00	1.400000e+01	1.800008e+01	4.599013e-04	8.653442e+00	0.97 1.00 0.93  0 0 1	1
60	300	1671	0.000000e+00	1.600000e+01	5.500005e+01	9.907167e-04	7.906897e+00	1.00 0.89 0.53  0 1 1	1
61	300	24	0.000000e+00	0.000000e+00	2.400008e+01	6.343356e-03	6.460509e+00	1.00 0.00 0.54  0 1 1	1
62	300	6	0.000000e+00	0.000000e+00	6.000094e+00	7.272942e-03	7.265012e+00	0.26 0.22 0.21  1 1 1	1
63	300	1042	0.000000e+00	1.000000e+01	3.200007e+01	5.076210e-04	8.432945e+00	1.00 0.87 0.67  0 1 1	1
64	300	22	0.000000e+00	0.000000e+00	2.200008e+01	8.796406e-03	6.162745e+00	1.00 0.00 0.72  0 1 1	1
65	100	229	0.000000e+00	2.000000e+00	2.700007e+01	1.816185e-03	7.588005e+00	1.00 0.58 0.06  0 1 1	1
66	300	10050	0.000000e+00	9.900000e+01	5.100005e+01	3.938997e-04	8.552632e+00	0.91 1.00 0.97  1 0 0	1
67	200	31	0.000000e+00	0.000000e+00	3.100007e+01	4.768637e-03	6.526552e+00	1.00 0.00 0.72  0 1 1	1
68	300	9	0.000000e+00	0.000000e+00	9.000091e+00	7.192221e-03	7.121299e+00	0.39 0.09 0.02  1 1 1	1
69	200	3783	0.000000e+00	3.700000e+01	4.600005e+01	3.675506e-04	8.626728e+00	0.99 1.00 0.81  0 0 1	1
70	300	14	0.000000e+00	0.000000e+00	1.400009e+01	5.008927e-03	6.854432e+00	0.99 0.00 0.06  0 1 1	1
71	300	14	0.000000e+00	0.000000e+00	1.400009e+01	3.315603e-03	7.316267e+00	0.97 0.09 0.02  0 1 1	1
72	300	1243	0.000000e+00	1.200000e+01	3.100007e+01	6.749670e-04	8.442855e+00	0.99 0.86 0.14  0 1 1	1
73	300	4711	0.000000e+00	4.600000e+01	6.500003e+01	3.667984e-04	8.533527e+00	1.00 1.00 0.90  0 0 1	1
74	200	817	0.000000e+00	8.000000e+00	9.000091e+00	8.326995e-04	8.495860e+00	0.55 1.00 0.95  1 0 1	1
75	400	8922	0.000000e+00	8.800000e+01	3.400007e+01	4.733925e-04	8.411729e+00	0.78 1.00 0.98  1 0 0	1
76	300	1342	0.000000e+00	1.300000e+01	2.900007e+01	5.124266e-04	8.528797e+00	0.99 0.95 0.41  0 0 1	1
77	400	3554	0.000000e+00	3.500000e+01	1.900008e+01	4.274810e-04	8.494498e+00	0.70 1.00 0.94  1 0 1	1
78	200	1632	0.000000e+00	1.600000e+01	1.600008e+01	4.714964e-04	8.596416e+00	0.83 1.00 0.93  1 0 1	1
79	200	1146	0.000000e+00	1.100000e+01	3.500006e+01	6.153916e-04	8.239938e+00	1.00 0.94 0.86  0 1 1	1
80	200	786	0.000000e+00	7.000000e+00	7.900002e+01	4.814444e-03	6.434783e+00	1.00 0.78 0.99  0 1 0	1
81	200	965	0.000000e+00	9.000000e+00	5.600004e+01	1.287928e-03	7.495367e+00	1.00 0.88 0.93  0 1 1	1
82	200	743	0.000000e+00	7.000000e+00	3.600006e+01	1.198040e-03	7.886540e+00	0.99 0.46 0.10  0 1 1	1
83	400	9031	0.000000e+00	8.900000e+01	4.200006e+01	3.852976e-04	8.515630e+00	0.84 1.00 0.97  1 0 0	1
84	400	7728	0.000000e+00	7.600000e+01	5.200005e+01	3.307800e-04	8.626366e+00	0.99 1.00 0.96  0 0 0	1
85	400	7554	0.000000e+00	7.400000e+01	8.000002e+01	3.504798e-04	8.608700e+00	1.00 1.00 0.83  0 0 1	1
86	100	7	0.000000e+00	0.000000e+00	7.000093e+00	1.777926e-03	8.333712e+00	0.94 0.34 0.04  1 1 1	1
87	300	7026	0.000000e+00	6.900000e+01	5.700004e+01	3.439480e-04	8.632974e+00	0.99 1.00 0.94  0 0 1	1
88	200	408	0.000000e+00	4.000000e+00	4.000096e+00	5.731023e-04	8.273093e+00	0.32 1.00 0.96  1 0 0	1
89	200	536	0.000000e+00	5.000000e+00	3.100007e+01	1.728190e-03	7.622487e+00	1.00 0.80 0.41  0 1 1	1
90	200	1246	0.000000e+00	1.200000e+01	3.400007e+01	4.802366e-04	8.457421e+00	1.00 0.97 0.72  0 0 1	1
91	300	1455	0.000000e+00	1.400000e+01	4.100006e+01	6.675255e-04	8.235235e+00	1.00 0.91 0.45  0 1 1	1
92	400	8854	0.000000e+00	8.700000e+01	6.700003e+01	3.375651e-04	8.621921e+00	1.00 1.00 0.98  0 0 0	1
93	300	221	0.000000e+00	2.000000e+00	1.900008e+01	2.595892e-03	7.486335e+00	0.98 0.00 0.01  0 1 1	1
94	100	316	0.000000e+00	3.000000e+00	1.300009e+01	1.575769e-03	8.324106e+00	0.97 0.41 0.03  0 1 1	1
95	300	317	0.000000e+00	3.000000e+00	1.400009e+01	1.585155e-03	8.255860e+00	0.97 0.15 0.05  0 1 1	1
96	200	249	0.000000e+00	2.000000e+00	4.700005e+01	3.904333e-03	6.836490e+00	1.00 0.22 0.71  0 1 1	1
97	300	4537	0.000000e+00	4.400000e+01	9.300001e+01	7.812637e-04	8.263210e+00	1.00 0.88 0.86  0 1 1	1
98	100	1754	0.000000e+00	1.700000e+01	3.700006e+01	7.131217e-04	8.461770e+00	0.99 0.93 0.63  0 1 1	1
99	100	2785	0.000000e+00	2.700000e+01	5.800004e+01	5.396137e-04	8.345777e+00	1.00 0.93 0.81  0 1 1	1
100	200	111	0.000000e+00	1.000000e+00	1.000009e+01	1.811660e-03	8.500401e+00	0.77 0.26 0.07  1 1 1	1
