
Printing Grid of Parameters from Set Parameters
1	800	221	0.000000e+00	2.000000e+00	1.900008e+01	1.273504e-03	7.868365e+00	1.00 0.78 0.30  0 1 1	1
2	700	9282	0.000000e+00	9.100000e+01	9.100001e+01	4.035203e-04	8.490834e+00	1.00 1.00 0.98  0 0 0	1
3	400	221	0.000000e+00	2.000000e+00	1.900008e+01	1.223153e-03	7.897021e+00	0.99 0.76 0.30  0 1 1	1
4	300	952	0.000000e+00	9.000000e+00	4.300006e+01	1.220052e-03	7.739679e+00	1.00 0.89 0.78  0 1 1	1
5	800	626	0.000000e+00	6.000000e+00	2.000008e+01	8.170867e-04	8.422809e+00	0.99 0.84 0.08  0 1 1	1
6	1100	5803	0.000000e+00	5.700000e+01	4.600005e+01	3.551649e-04	8.579341e+00	0.99 1.00 0.98  0 0 0	1
7	100	1780	0.000000e+00	1.700000e+01	6.300004e+01	1.165550e-03	7.768509e+00	1.00 0.89 0.88  0 1 1	1
8	700	213	0.000000e+00	2.000000e+00	1.100009e+01	1.161348e-03	8.410155e+00	0.98 0.58 0.02  0 1 1	1
9	700	425	0.000000e+00	4.000000e+00	2.100008e+01	2.548241e-03	7.645107e+00	0.99 0.48 0.17  0 1 1	1
10	1100	5987	0.000000e+00	5.900000e+01	2.800007e+01	4.442995e-04	8.410453e+00	0.77 1.00 0.97  1 0 0	1
11	300	319	0.000000e+00	3.000000e+00	1.600008e+01	1.400868e-03	8.235577e+00	0.98 0.37 0.02  0 1 1	1
12	300	4945	0.000000e+00	4.800000e+01	9.700000e+01	6.850644e-04	8.112462e+00	1.00 0.98 0.98  0 0 0	1
13	200	3837	0.000000e+00	3.700000e+01	1.000000e+02	1.290656e-03	7.696663e+00	1.00 0.96 0.99  0 0 0	1
14	700	1026	0.000000e+00	1.000000e+01	1.600008e+01	5.518115e-04	8.596610e+00	0.92 1.00 0.69  1 0 1	1
15	400	3329	0.000000e+00	3.200000e+01	9.700000e+01	1.053234e-03	7.758959e+00	1.00 0.93 0.95  0 1 0	1
16	700	3108	0.000000e+00	3.000000e+01	7.800002e+01	8.377210e-04	8.028976e+00	1.00 0.97 0.99  0 0 0	1
17	700	6619	0.000000e+00	6.500000e+01	5.400005e+01	4.154795e-04	8.608540e+00	0.99 1.00 0.90  0 0 1	1
18	700	6209	0.000000e+00	6.100000e+01	4.800005e+01	3.767488e-04	8.603836e+00	0.98 1.00 0.92  0 0 1	1
19	800	516	0.000000e+00	5.000000e+00	1.100009e+01	7.634902e-04	8.566903e+00	0.84 1.00 0.42  1 0 1	1
20	800	215	0.000000e+00	2.000000e+00	1.300009e+01	1.200941e-03	8.220294e+00	0.98 0.68 0.06  0 1 1	1
21	200	316	0.000000e+00	3.000000e+00	1.300009e+01	1.042545e-03	8.443189e+00	0.98 0.31 0.08  0 1 1	1
22	400	111	0.000000e+00	1.000000e+00	1.000009e+01	7.415856e-03	7.415666e+00	0.26 0.14 0.10  1 1 1	1
23	400	207	0.000000e+00	2.000000e+00	5.000095e+00	3.561898e-03	8.265834e+00	0.35 0.30 0.49  1 1 1	1
24	800	724	0.000000e+00	7.000000e+00	1.700008e+01	6.312102e-04	8.576764e+00	0.98 0.99 0.21  0 0 1	1
25	400	1559	0.000000e+00	1.500000e+01	4.400006e+01	5.996129e-04	8.289595e+00	1.00 0.97 0.83  0 0 1	1
26	800	629	0.000000e+00	6.000000e+00	2.300008e+01	8.716332e-04	8.408439e+00	0.99 0.88 0.16  0 1 1	1
27	800	1349	0.000000e+00	1.300000e+01	3.600006e+01	5.457934e-04	8.370220e+00	1.00 0.95 0.78  0 0 1	1
28	400	20	0.000000e+00	0.000000e+00	2.000008e+01	6.598767e-03	6.568314e+00	0.99 0.00 0.20  0 1 1	1
29	700	728	0.000000e+00	7.000000e+00	2.100008e+01	6.743105e-04	8.527896e+00	0.99 0.95 0.11  0 1 1	1
30	800	3923	0.000000e+00	3.800000e+01	8.500002e+01	7.881183e-04	8.038030e+00	1.00 0.89 0.89  0 1 1	1
31	300	104	0.000000e+00	1.000000e+00	3.000097e+00	1.124788e-03	8.233308e+00	0.28 1.00 0.91  1 0 1	1
32	200	6515	0.000000e+00	6.400000e+01	5.100005e+01	3.641287e-04	8.593287e+00	0.99 1.00 0.94  0 0 1	1
33	800	828	0.000000e+00	8.000000e+00	2.000008e+01	5.546791e-04	8.557263e+00	0.99 1.00 0.41  0 0 1	1
34	800	3312	0.000000e+00	3.200000e+01	8.000002e+01	7.119002e-04	8.054000e+00	1.00 0.98 0.98  0 0 0	1
35	400	968	0.000000e+00	9.000000e+00	5.900004e+01	1.770068e-03	7.439523e+00	1.00 0.24 0.82  0 1 1	1
36	200	230	0.000000e+00	2.000000e+00	2.800007e+01	7.184987e-03	6.440171e+00	0.99 0.43 0.42  0 1 1	1
37	700	3867	0.000000e+00	3.800000e+01	2.900007e+01	3.874650e-04	8.558274e+00	0.90 1.00 0.88  1 0 1	1
38	800	5273	0.000000e+00	5.200000e+01	2.100008e+01	4.814938e-04	8.327213e+00	0.65 1.00 0.99  1 0 0	1
39	700	9148	0.000000e+00	9.000000e+01	5.800004e+01	3.577896e-04	8.550277e+00	0.98 1.00 0.96  0 0 0	1
40	100	9	0.000000e+00	0.000000e+00	9.000091e+00	5.736132e-03	6.809979e+00	0.89 0.00 0.01  1 1 1	1
41	400	4030	0.000000e+00	3.900000e+01	9.100001e+01	2.148024e-03	7.754904e+00	1.00 0.94 0.71  0 1 1	1
42	400	232	0.000000e+00	2.000000e+00	3.000007e+01	2.857976e-03	6.964829e+00	1.00 0.68 0.97  0 1 0	1
43	700	120	0.000000e+00	1.000000e+00	1.900008e+01	1.369358e-02	5.499708e+00	0.83 0.71 0.29  1 1 1	1
44	800	3085	0.000000e+00	3.000000e+01	5.500005e+01	4.817408e-04	8.432743e+00	1.00 0.99 0.91  0 0 1	1
45	800	19	0.000000e+00	0.000000e+00	1.900008e+01	1.973413e-02	5.302909e+00	1.00 0.00 0.97  0 1 0	1
46	800	3258	0.000000e+00	3.200000e+01	2.600007e+01	3.796678e-04	8.563445e+00	0.92 1.00 0.97  1 0 0	1
47	700	648	0.000000e+00	6.000000e+00	4.200006e+01	2.138495e-03	7.289730e+00	1.00 0.65 0.67  0 1 1	1
48	800	211	0.000000e+00	2.000000e+00	9.000091e+00	8.047906e-04	8.549215e+00	0.94 0.94 0.20  1 1 1	1
49	700	927	0.000000e+00	9.000000e+00	1.800008e+01	6.583172e-04	8.576910e+00	0.98 1.00 0.34  0 0 1	1
50	1100	5075	0.000000e+00	5.000000e+01	2.500007e+01	4.302717e-04	8.412290e+00	0.76 1.00 0.98  1 0 0	1
51	800	110	0.000000e+00	1.000000e+00	9.000091e+00	2.878393e-03	8.112248e+00	0.43 0.18 0.06  1 1 1	1
52	700	118	0.000000e+00	1.000000e+00	1.700008e+01	1.685539e-03	7.768038e+00	0.99 0.77 0.12  0 1 1	1
53	700	9587	0.000000e+00	9.400000e+01	9.300001e+01	4.185497e-04	8.502712e+00	1.00 1.00 0.98  0 0 0	1
54	700	420	0.000000e+00	4.000000e+00	1.600008e+01	7.874832e-04	8.446107e+00	0.99 0.90 0.12  0 1 1	1
55	300	316	0.000000e+00	3.000000e+00	1.300009e+01	1.078370e-03	8.448811e+00	0.98 0.78 0.07  0 1 1	1
56	300	134	0.000000e+00	1.000000e+00	3.300007e+01	7.272958e-03	6.530564e+00	1.00 0.15 0.99  0 1 0	1
57	800	1649	0.000000e+00	1.600000e+01	3.300007e+01	3.686107e-04	8.527676e+00	1.00 1.00 0.94  0 0 1	1
58	800	330	0.000000e+00	3.000000e+00	2.700007e+01	5.224994e-03	6.946109e+00	1.00 0.28 0.66  0 1 1	1
59	800	8584	0.000000e+00	8.400000e+01	1.000000e+02	4.233266e-04	8.475325e+00	1.00 1.00 0.98  0 0 0	1
60	800	2880	0.000000e+00	2.800000e+01	5.200005e+01	4.378220e-04	8.469799e+00	1.00 0.99 0.87  0 0 1	1
61	400	117	0.000000e+00	1.000000e+00	1.600008e+01	2.276828e-03	7.468002e+00	0.99 0.59 0.30  0 1 1	1
62	800	14	0.000000e+00	0.000000e+00	1.400009e+01	7.459301e-03	6.853838e+00	0.98 0.00 0.05  0 1 1	1
63	700	214	0.000000e+00	2.000000e+00	1.200009e+01	4.897206e-03	7.564463e+00	0.16 0.00 0.14  1 1 1	1
64	400	317	0.000000e+00	3.000000e+00	1.400009e+01	8.077999e-04	8.374349e+00	0.99 0.78 0.07  0 1 1	1
65	400	423	0.000000e+00	4.000000e+00	1.900008e+01	1.770994e-03	7.982152e+00	0.98 0.47 0.06  0 1 1	1
66	800	5049	0.000000e+00	4.900000e+01	1.000000e+02	1.049907e-03	7.972518e+00	1.00 0.99 1.00  0 0 0	1
67	1100	2639	0.000000e+00	2.600000e+01	1.300009e+01	4.968323e-04	8.337690e+00	0.65 1.00 0.95  1 0 1	1
68	400	112	0.000000e+00	1.000000e+00	1.100009e+01	4.332037e-03	7.584383e+00	0.62 0.00 0.02  1 1 1	1
69	800	531	0.000000e+00	5.000000e+00	2.600007e+01	1.309565e-03	7.875348e+00	0.99 0.32 0.12  0 1 1	1
70	800	8633	0.000000e+00	8.500000e+01	4.800005e+01	4.015831e-04	8.509497e+00	0.96 1.00 0.98  0 0 0	1
71	100	9	0.000000e+00	0.000000e+00	9.000091e+00	7.290006e-03	7.158188e+00	0.31 0.25 0.02  1 1 1	1
72	300	1896	0.000000e+00	1.800000e+01	7.800002e+01	1.339930e-03	7.464909e+00	1.00 0.91 0.99  0 1 0	1
73	300	220	0.000000e+00	2.000000e+00	1.800008e+01	1.202505e-03	8.036309e+00	0.99 0.70 0.11  0 1 1	1
74	800	1747	0.000000e+00	1.700000e+01	3.000007e+01	4.024481e-04	8.584470e+00	0.99 1.00 0.90  0 0 1	1
75	700	1248	0.000000e+00	1.200000e+01	3.600006e+01	1.257846e-03	8.108285e+00	0.99 0.72 0.04  0 1 1	1
76	700	422	0.000000e+00	4.000000e+00	1.800008e+01	1.244326e-03	8.224576e+00	0.99 0.80 0.10  0 1 1	1
77	200	6	0.000000e+00	0.000000e+00	6.000094e+00	2.072986e-03	8.264002e+00	0.85 0.18 0.05  1 1 1	1
78	300	4535	0.000000e+00	4.400000e+01	9.100001e+01	6.253901e-04	8.165002e+00	1.00 0.99 0.99  0 0 0	1
79	700	9541	0.000000e+00	9.400000e+01	4.700005e+01	4.008249e-04	8.482058e+00	0.91 1.00 0.98  1 0 0	1
80	800	222	0.000000e+00	2.000000e+00	2.000008e+01	2.362411e-03	7.421357e+00	0.99 0.54 0.26  0 1 1	1
81	800	27	0.000000e+00	0.000000e+00	2.700007e+01	6.419370e-03	6.347117e+00	1.00 0.00 0.67  0 1 1	1
82	800	119	0.000000e+00	1.000000e+00	1.800008e+01	1.403542e-03	8.050506e+00	0.99 0.41 0.13  0 1 1	1
83	400	635	0.000000e+00	6.000000e+00	2.900007e+01	8.234856e-04	8.191634e+00	1.00 0.91 0.81  0 1 1	1
84	800	522	0.000000e+00	5.000000e+00	1.700008e+01	8.255890e-04	8.474423e+00	0.98 0.91 0.21  0 1 1	1
85	400	949	0.000000e+00	9.000000e+00	4.000006e+01	1.069688e-03	7.902387e+00	1.00 0.76 0.36  0 1 1	1
86	200	16	0.000000e+00	0.000000e+00	1.600008e+01	1.571966e-03	7.946813e+00	0.98 0.26 0.01  0 1 1	1
87	400	7	0.000000e+00	0.000000e+00	7.000093e+00	1.700458e-02	6.990648e+00	0.07 0.00 0.07  1 1 1	1
88	300	212	0.000000e+00	2.000000e+00	1.000009e+01	1.217854e-03	8.478909e+00	0.94 0.75 0.17  1 1 1	1
89	200	968	0.000000e+00	9.000000e+00	5.900004e+01	1.228406e-03	7.614595e+00	1.00 0.76 0.82  0 1 1	1
90	400	328	0.000000e+00	3.000000e+00	2.500007e+01	2.733942e-03	7.314030e+00	0.99 0.00 0.06  0 1 1	1
91	700	2756	0.000000e+00	2.700000e+01	2.900007e+01	3.625428e-04	8.591015e+00	0.99 1.00 0.95  0 0 1	1
92	300	9	0.000000e+00	0.000000e+00	9.000091e+00	1.734126e-03	8.170786e+00	0.98 0.46 0.00  0 1 1	1
93	800	3483	0.000000e+00	3.400000e+01	4.900005e+01	3.822117e-04	8.565125e+00	1.00 1.00 0.86  0 0 1	1
94	400	228	0.000000e+00	2.000000e+00	2.600007e+01	2.401524e-03	7.448032e+00	0.99 0.67 0.25  0 1 1	1
95	400	641	0.000000e+00	6.000000e+00	3.500006e+01	1.402160e-03	7.690637e+00	1.00 0.72 0.61  0 1 1	1
96	800	111	0.000000e+00	1.000000e+00	1.000009e+01	3.538723e-03	7.941109e+00	0.36 0.08 0.07  1 1 1	1
97	300	6	0.000000e+00	0.000000e+00	6.000094e+00	2.353696e-03	8.225204e+00	0.80 0.05 0.07  1 1 1	1
98	700	216	0.000000e+00	2.000000e+00	1.400009e+01	1.689560e-03	8.170693e+00	0.98 0.50 0.11  0 1 1	1
99	400	205	0.000000e+00	2.000000e+00	3.000097e+00	1.175698e-03	8.125485e+00	0.08 1.00 0.98  1 0 0	1
100	700	1040	0.000000e+00	1.000000e+01	3.000007e+01	1.001596e-03	8.176067e+00	0.99 0.74 0.21  0 1 1	1
