1	800	326	0.000000e+00	3.000000e+00	2.300008e+01	1.456644e-03	7.857658e+00	0.99 0.62 0.10  0 1 1	620
2	700	9892	0.000000e+00	9.700000e+01	9.500001e+01	3.574558e-04	8.533479e+00	1.00 1.00 0.93  0 0 1	91
3	400	326	0.000000e+00	3.000000e+00	2.300008e+01	1.160307e-03	7.936030e+00	1.00 0.76 0.21  0 1 1	660
4	300	848	0.000000e+00	8.000000e+00	4.000006e+01	1.259815e-03	7.770177e+00	1.00 0.73 0.45  0 1 1	920
5	800	318	0.000000e+00	3.000000e+00	1.500008e+01	8.944109e-04	8.419856e+00	0.99 0.80 0.11  0 1 1	184
6	1100	3873	0.000000e+00	3.800000e+01	3.500006e+01	3.416486e-04	8.598964e+00	0.99 1.00 0.90  0 0 1	66
7	100	4140	0.000000e+00	4.000000e+01	1.000000e+02	8.101574e-04	7.852413e+00	1.00 0.91 0.85  0 1 1	136
8	700	317	0.000000e+00	3.000000e+00	1.400009e+01	8.848572e-04	8.466967e+00	0.98 0.79 0.08  0 1 1	218
9	700	325	0.000000e+00	3.000000e+00	2.200008e+01	1.293377e-03	7.951857e+00	0.99 0.65 0.06  0 1 1	680
10	1100	2135	0.000000e+00	2.100000e+01	1.400009e+01	4.283567e-04	8.408853e+00	0.74 1.00 0.96  1 0 0	20
11	300	5938	0.000000e+00	5.800000e+01	8.000002e+01	3.703462e-04	8.508801e+00	1.00 1.00 0.79  0 0 1	91
12	300	4128	0.000000e+00	4.000000e+01	8.800001e+01	5.776768e-04	8.153241e+00	1.00 0.94 0.82  0 1 1	157
13	200	2097	0.000000e+00	2.000000e+01	7.700002e+01	9.026466e-04	7.721644e+00	1.00 0.90 0.91  0 1 1	688
14	700	516	0.000000e+00	5.000000e+00	1.100009e+01	5.279502e-04	8.603172e+00	0.93 1.00 0.52  1 0 1	76
15	400	1369	0.000000e+00	1.300000e+01	5.600004e+01	1.026269e-03	7.747927e+00	1.00 0.89 0.86  0 1 1	910
16	700	5150	0.000000e+00	5.000000e+01	1.000000e+02	6.928604e-04	8.053261e+00	1.00 0.96 0.95  0 0 0	442
17	700	8039	0.000000e+00	7.900000e+01	6.000004e+01	3.400447e-04	8.578272e+00	0.99 1.00 0.94  0 0 1	44
18	700	7834	0.000000e+00	7.700000e+01	5.700004e+01	3.305804e-04	8.586661e+00	0.99 1.00 0.93  0 0 1	55
19	800	312	0.000000e+00	3.000000e+00	9.000091e+00	9.552181e-04	8.550923e+00	0.79 0.99 0.23  1 0 1	52
20	800	320	0.000000e+00	3.000000e+00	1.700008e+01	1.459853e-03	8.209554e+00	0.98 0.56 0.06  0 1 1	250
21	200	8672	0.000000e+00	8.500000e+01	8.700001e+01	3.479251e-04	8.552500e+00	1.00 1.00 0.86  0 0 1	51
22	400	6	0.000000e+00	0.000000e+00	6.000094e+00	6.510054e-03	7.357898e+00	0.46 0.00 0.04  1 1 1	293
23	400	8623	0.000000e+00	8.500000e+01	3.800006e+01	4.402821e-04	8.428369e+00	0.85 1.00 0.94  1 0 1	9
24	800	314	0.000000e+00	3.000000e+00	1.100009e+01	9.081639e-04	8.551422e+00	0.93 0.85 0.09  1 1 1	118
25	400	1352	0.000000e+00	1.300000e+01	3.900006e+01	5.835853e-04	8.286254e+00	1.00 0.95 0.77  0 1 1	307
26	800	319	0.000000e+00	3.000000e+00	1.600008e+01	9.789413e-04	8.376347e+00	0.99 0.63 0.04  0 1 1	286
27	800	526	0.000000e+00	5.000000e+00	2.100008e+01	5.957880e-04	8.358358e+00	1.00 0.92 0.53  0 1 1	330
28	400	341	0.000000e+00	3.000000e+00	3.800006e+01	3.756148e-03	6.832155e+00	0.99 0.10 0.22  0 1 1	2615
29	700	2870	0.000000e+00	2.800000e+01	4.200006e+01	3.543521e-04	8.573898e+00	1.00 1.00 0.85  0 0 1	157
30	800	1359	0.000000e+00	1.300000e+01	4.600005e+01	6.942463e-04	8.057250e+00	1.00 0.93 0.86  0 1 1	610
31	300	104	0.000000e+00	1.000000e+00	3.000097e+00	6.683963e-04	8.260164e+00	0.40 1.00 0.98  1 0 0	9
32	200	8648	0.000000e+00	8.500000e+01	6.300004e+01	3.479644e-04	8.589573e+00	0.99 1.00 0.88  0 0 1	26
33	800	316	0.000000e+00	3.000000e+00	1.300009e+01	6.147786e-04	8.559316e+00	0.99 0.99 0.16  0 0 1	112
34	800	3928	0.000000e+00	3.800000e+01	9.000001e+01	6.763133e-04	8.071742e+00	1.00 0.96 0.94  0 0 1	388
35	400	1375	0.000000e+00	1.300000e+01	6.200004e+01	1.103622e-03	7.600435e+00	1.00 0.92 0.97  0 1 0	1160
36	200	2726	0.000000e+00	2.600000e+01	1.000000e+02	1.327596e-03	7.424293e+00	1.00 0.86 0.95  0 1 0	508
37	700	3867	0.000000e+00	3.800000e+01	2.900007e+01	3.626833e-04	8.554421e+00	0.92 1.00 0.93  1 0 1	43
38	800	7805	0.000000e+00	7.700000e+01	2.800007e+01	4.694891e-04	8.325985e+00	0.65 1.00 0.98  1 0 0	10
39	700	7829	0.000000e+00	7.700000e+01	5.200005e+01	3.517495e-04	8.560382e+00	0.97 1.00 0.95  0 0 0	36
40	100	4140	0.000000e+00	4.000000e+01	1.000000e+02	7.997777e-04	7.925794e+00	1.00 0.87 0.81  0 1 1	70
41	400	844	0.000000e+00	8.000000e+00	3.600006e+01	9.539998e-04	7.991416e+00	1.00 0.83 0.52  0 1 1	680
42	400	345	0.000000e+00	3.000000e+00	4.200006e+01	3.156504e-03	6.931357e+00	1.00 0.31 0.85  0 1 1	3540
43	700	15	0.000000e+00	0.000000e+00	1.500008e+01	9.937522e-03	6.687766e+00	0.98 0.00 0.07  0 1 1	1665
44	800	2371	0.000000e+00	2.300000e+01	4.800005e+01	4.250086e-04	8.433322e+00	1.00 1.00 0.81  0 0 1	286
45	800	20	0.000000e+00	0.000000e+00	2.000008e+01	1.796100e-02	5.439024e+00	1.00 0.29 0.93  0 1 1	280
46	800	2853	0.000000e+00	2.800000e+01	2.500007e+01	3.979141e-04	8.564719e+00	0.91 1.00 0.92  1 0 1	21
47	700	542	0.000000e+00	5.000000e+00	3.700006e+01	1.395301e-03	7.476734e+00	1.00 0.84 0.89  0 1 1	1750
48	800	110	0.000000e+00	1.000000e+00	9.000091e+00	9.052243e-04	8.529103e+00	0.91 0.86 0.13  1 1 1	100
49	700	518	0.000000e+00	5.000000e+00	1.300009e+01	6.961276e-04	8.568399e+00	0.97 1.00 0.19  0 0 1	118
50	1100	3251	0.000000e+00	3.200000e+01	1.900008e+01	4.373055e-04	8.414255e+00	0.74 1.00 0.97  1 0 0	20
51	800	6	0.000000e+00	0.000000e+00	6.000094e+00	3.317288e-03	8.079479e+00	0.36 0.07 0.06  1 1 1	106
52	700	532	0.000000e+00	5.000000e+00	2.700007e+01	1.000293e-03	7.961245e+00	1.00 0.85 0.55  0 1 1	730
53	700	9384	0.000000e+00	9.200000e+01	9.200001e+01	3.738897e-04	8.523357e+00	1.00 1.00 0.94  0 0 1	64
54	700	523	0.000000e+00	5.000000e+00	1.800008e+01	9.936147e-04	8.372917e+00	0.98 0.73 0.03  0 1 1	252
55	300	829	0.000000e+00	8.000000e+00	2.100008e+01	4.150166e-04	8.548982e+00	0.99 1.00 0.69  0 0 1	148
56	300	1918	0.000000e+00	1.800000e+01	1.000000e+02	1.877999e-03	7.015991e+00	1.00 0.85 0.98  0 1 0	928
57	800	1853	0.000000e+00	1.800000e+01	3.500006e+01	4.155044e-04	8.518452e+00	1.00 1.00 0.72  0 0 1	136
58	800	14	0.000000e+00	0.000000e+00	1.400009e+01	3.431822e-03	7.211538e+00	0.99 0.14 0.08  0 1 1	1290
59	800	8377	0.000000e+00	8.200000e+01	9.500001e+01	3.549954e-04	8.498988e+00	1.00 1.00 0.92  0 0 1	122
60	800	1856	0.000000e+00	1.800000e+01	3.800006e+01	4.197657e-04	8.460186e+00	1.00 1.00 0.74  0 0 1	226
61	400	327	0.000000e+00	3.000000e+00	2.400008e+01	2.024709e-03	7.564379e+00	0.99 0.60 0.14  0 1 1	983
62	800	14	0.000000e+00	0.000000e+00	1.400009e+01	5.718051e-03	6.917109e+00	0.99 0.00 0.07  0 1 1	770
63	700	113	0.000000e+00	1.000000e+00	1.200009e+01	1.769890e-03	8.235050e+00	0.90 0.22 0.02  1 1 1	214
64	400	831	0.000000e+00	8.000000e+00	2.300008e+01	6.574996e-04	8.436064e+00	0.99 0.93 0.25  0 1 1	190
65	400	321	0.000000e+00	3.000000e+00	1.800008e+01	1.740382e-03	7.985274e+00	0.99 0.49 0.04  0 1 1	410
66	800	3829	0.000000e+00	3.700000e+01	9.200001e+01	7.317641e-04	8.008957e+00	1.00 0.97 0.92  0 0 1	397
67	1100	1525	0.000000e+00	1.500000e+01	1.000009e+01	5.037595e-04	8.343785e+00	0.61 1.00 0.97  1 0 0	16
68	400	5242	0.000000e+00	5.100000e+01	9.100001e+01	5.690327e-04	8.304149e+00	1.00 0.96 0.76  0 0 1	78
69	800	324	0.000000e+00	3.000000e+00	2.100008e+01	1.915889e-03	7.772477e+00	0.99 0.42 0.03  0 1 1	614
70	800	9852	0.000000e+00	9.700000e+01	5.500005e+01	3.721190e-04	8.536281e+00	0.94 1.00 0.97  1 0 0	18
71	100	6143	0.000000e+00	6.000000e+01	8.300002e+01	3.892114e-04	8.481642e+00	1.00 1.00 0.83  0 0 1	38
72	300	2417	0.000000e+00	2.300000e+01	9.400001e+01	1.130019e-03	7.497175e+00	1.00 0.89 0.95  0 1 1	562
73	300	7170	0.000000e+00	7.000000e+01	1.000000e+02	4.394419e-04	8.354025e+00	1.00 0.98 0.83  0 0 1	127
74	800	826	0.000000e+00	8.000000e+00	1.800008e+01	4.169111e-04	8.585493e+00	0.99 1.00 0.68  0 0 1	93
75	700	939	0.000000e+00	9.000000e+00	3.000007e+01	7.275086e-04	8.263576e+00	1.00 0.90 0.43  0 1 1	430
76	700	525	0.000000e+00	5.000000e+00	2.000008e+01	1.090095e-03	8.228952e+00	0.99 0.79 0.05  0 1 1	360
77	200	10095	0.000000e+00	9.900000e+01	9.600000e+01	3.725830e-04	8.542316e+00	1.00 1.00 0.82  0 0 1	36
78	300	4636	0.000000e+00	4.500000e+01	9.100001e+01	5.825311e-04	8.191191e+00	1.00 0.95 0.81  0 1 1	202
79	700	9642	0.000000e+00	9.500000e+01	4.700005e+01	3.987190e-04	8.492961e+00	0.91 1.00 0.97  1 0 0	24
80	800	12	0.000000e+00	0.000000e+00	1.200009e+01	3.278310e-03	7.412686e+00	0.99 0.06 0.00  0 1 1	972
81	800	20	0.000000e+00	0.000000e+00	2.000008e+01	7.201307e-03	6.553892e+00	0.99 0.00 0.36  0 1 1	1638
82	800	117	0.000000e+00	1.000000e+00	1.600008e+01	1.953330e-03	7.891177e+00	0.99 0.36 0.04  0 1 1	400
83	400	942	0.000000e+00	9.000000e+00	3.300007e+01	8.898912e-04	8.128700e+00	1.00 0.86 0.38  0 1 1	466
84	800	112	0.000000e+00	1.000000e+00	1.100009e+01	1.316842e-03	8.384614e+00	0.97 0.41 0.03  0 1 1	188
85	400	843	0.000000e+00	8.000000e+00	3.500006e+01	1.169236e-03	7.882899e+00	1.00 0.85 0.51  0 1 1	635
86	200	4627	0.000000e+00	4.500000e+01	8.200002e+01	4.691570e-04	8.320743e+00	1.00 0.96 0.78  0 0 1	139
87	400	7271	0.000000e+00	7.100000e+01	1.000000e+02	5.856561e-04	8.362988e+00	1.00 0.98 0.42  0 0 1	26
88	300	825	0.000000e+00	8.000000e+00	1.700008e+01	4.341229e-04	8.599158e+00	0.99 1.00 0.55  0 0 1	61
89	200	3534	0.000000e+00	3.400000e+01	1.000000e+02	1.057219e-03	7.738420e+00	1.00 0.87 0.86  0 1 1	223
90	400	12	0.000000e+00	0.000000e+00	1.200009e+01	2.915208e-03	7.389876e+00	0.99 0.12 0.02  0 1 1	1064
91	700	9664	0.000000e+00	9.500000e+01	6.900003e+01	3.290445e-04	8.591400e+00	0.99 1.00 0.94  0 0 1	61
92	300	833	0.000000e+00	8.000000e+00	2.500007e+01	4.479874e-04	8.428958e+00	1.00 0.98 0.72  0 0 1	232
93	800	1849	0.000000e+00	1.800000e+01	3.100007e+01	3.874650e-04	8.569578e+00	0.99 1.00 0.75  0 0 1	103
94	400	2911	0.000000e+00	2.800000e+01	8.300002e+01	7.173858e-04	7.944639e+00	1.00 0.93 0.85  0 1 1	340
95	400	536	0.000000e+00	5.000000e+00	3.100007e+01	1.342459e-03	7.677328e+00	1.00 0.78 0.63  0 1 1	1019
96	800	6	0.000000e+00	0.000000e+00	6.000094e+00	5.101547e-03	7.767966e+00	0.23 0.05 0.06  1 1 1	95
97	300	7857	0.000000e+00	7.700000e+01	8.000002e+01	3.215515e-04	8.574245e+00	1.00 1.00 0.87  0 0 1	45
98	700	524	0.000000e+00	5.000000e+00	1.900008e+01	7.422424e-04	8.368057e+00	0.99 0.88 0.13  0 1 1	316
99	400	104	0.000000e+00	1.000000e+00	3.000097e+00	1.057073e-03	8.132126e+00	0.08 1.00 0.98  1 0 0	6
100	700	527	0.000000e+00	5.000000e+00	2.200008e+01	8.616483e-04	8.213217e+00	1.00 0.84 0.20  0 1 1	440
