1	200	9342	0.000000e+00	9.200000e+01	5.000005e+01	3.121618e-04	8.685517e+00	0.89 1.00 0.90  1 0 1	7
2	200	1124	0.000000e+00	1.100000e+01	1.300009e+01	3.938630e-04	8.721315e+00	0.83 1.00 0.78  1 0 1	4
3	200	3890	0.000000e+00	3.800000e+01	5.200005e+01	3.228377e-04	8.676085e+00	0.99 1.00 0.79  0 0 1	8
4	200	9732	0.000000e+00	9.600000e+01	3.600006e+01	3.858200e-04	8.555549e+00	0.69 1.00 0.91  1 0 1	6
5	200	215	0.000000e+00	2.000000e+00	1.300009e+01	8.077560e-04	8.448014e+00	0.99 0.64 0.06  0 1 1	6
6	100	3635	0.000000e+00	3.500000e+01	1.000000e+02	6.960732e-04	7.943028e+00	1.00 0.83 0.84  0 1 1	27
7	100	7572	0.000000e+00	7.400000e+01	9.800000e+01	4.071481e-04	8.562785e+00	1.00 1.00 0.90  0 0 1	18
8	100	7561	0.000000e+00	7.400000e+01	8.700001e+01	3.545056e-04	8.623369e+00	1.00 0.99 0.91  0 0 1	16
9	100	3887	0.000000e+00	3.800000e+01	4.900005e+01	3.398753e-04	8.702741e+00	0.99 1.00 0.82  0 0 1	10
10	100	2518	0.000000e+00	2.400000e+01	9.400001e+01	8.953076e-04	7.684308e+00	1.00 0.80 0.92  0 1 1	31
11	200	6621	0.000000e+00	6.500000e+01	5.600004e+01	2.761144e-04	8.725617e+00	0.99 1.00 0.89  0 0 1	9
12	200	3882	0.000000e+00	3.800000e+01	4.400006e+01	2.981433e-04	8.716608e+00	0.99 1.00 0.90  0 0 1	9
13	200	225	0.000000e+00	2.000000e+00	2.300008e+01	2.817559e-03	7.416928e+00	0.99 0.33 0.09  0 1 1	5
14	100	6632	0.000000e+00	6.500000e+01	6.700003e+01	2.778747e-04	8.707178e+00	0.99 1.00 0.82  0 0 1	11
15	100	3878	0.000000e+00	3.800000e+01	4.000006e+01	2.925494e-04	8.737220e+00	0.99 1.00 0.84  0 0 1	9
16	100	2120	0.000000e+00	2.000000e+01	1.000000e+02	1.420239e-03	7.443619e+00	1.00 0.86 0.94  0 1 1	27
17	100	7515	0.000000e+00	7.400000e+01	4.100006e+01	3.251472e-04	8.677564e+00	0.88 1.00 0.86  1 0 1	8
18	100	7544	0.000000e+00	7.400000e+01	7.000003e+01	3.103103e-04	8.692544e+00	0.99 1.00 0.88  0 0 1	13
19	200	3866	0.000000e+00	3.800000e+01	2.800007e+01	3.245330e-04	8.694442e+00	0.88 1.00 0.92  1 0 1	6
20	200	224	0.000000e+00	2.000000e+00	2.200008e+01	1.180661e-03	7.751175e+00	1.00 0.61 0.20  0 1 1	10
21	100	5429	0.000000e+00	5.300000e+01	7.600002e+01	3.309116e-04	8.601243e+00	1.00 0.99 0.84  0 0 1	16
22	200	240	0.000000e+00	2.000000e+00	3.800006e+01	4.014389e-03	6.738117e+00	1.00 0.23 0.70  0 1 1	9
23	200	9508	0.000000e+00	9.400000e+01	1.400009e+01	5.823727e-04	8.138198e+00	0.13 1.00 0.98  1 0 0	3
24	100	7509	0.000000e+00	7.400000e+01	3.500006e+01	3.437870e-04	8.632179e+00	0.80 1.00 0.88  1 0 1	7
25	100	5857	0.000000e+00	5.700000e+01	1.000000e+02	4.780990e-04	8.401944e+00	1.00 0.92 0.85  0 1 1	22
26	100	9464	0.000000e+00	9.300000e+01	7.100003e+01	2.792964e-04	8.732315e+00	0.99 1.00 0.84  0 0 1	10
27	100	3932	0.000000e+00	3.800000e+01	9.400001e+01	5.971874e-04	8.183071e+00	1.00 0.90 0.72  0 1 1	21
28	100	9819	0.000000e+00	9.700000e+01	2.200008e+01	4.667626e-04	8.334571e+00	0.20 1.00 0.96  1 0 0	4
29	200	7532	0.000000e+00	7.400000e+01	5.800004e+01	3.064212e-04	8.710459e+00	0.99 1.00 0.87  0 0 1	11
30	100	4942	0.000000e+00	4.800000e+01	9.400001e+01	4.519218e-04	8.366550e+00	1.00 0.92 0.69  0 1 1	19
31	100	5453	0.000000e+00	5.300000e+01	1.000000e+02	5.157827e-04	8.354262e+00	1.00 0.90 0.76  0 1 1	22
32	100	3919	0.000000e+00	3.800000e+01	8.100002e+01	6.475284e-04	8.344571e+00	1.00 0.94 0.59  0 1 1	15
33	200	3917	0.000000e+00	3.800000e+01	7.900002e+01	4.788892e-04	8.413552e+00	1.00 0.96 0.79  0 0 1	16
34	200	9759	0.000000e+00	9.600000e+01	6.300004e+01	3.110033e-04	8.709962e+00	0.99 1.00 0.87  0 0 1	10
35	200	1142	0.000000e+00	1.100000e+01	3.100007e+01	5.414246e-04	8.469587e+00	0.99 0.87 0.23  0 1 1	8
36	100	2616	0.000000e+00	2.500000e+01	9.100001e+01	8.878732e-04	7.818024e+00	1.00 0.84 0.79  0 1 1	32
37	200	1138	0.000000e+00	1.100000e+01	2.700007e+01	4.142878e-04	8.593909e+00	0.99 0.97 0.53  0 0 1	8
38	200	218	0.000000e+00	2.000000e+00	1.600008e+01	2.148285e-03	7.961832e+00	0.98 0.30 0.05  0 1 1	4
39	200	3870	0.000000e+00	3.800000e+01	3.200007e+01	3.260408e-04	8.725737e+00	0.95 1.00 0.90  1 0 1	6
40	200	212	0.000000e+00	2.000000e+00	1.000009e+01	5.742074e-04	8.668296e+00	0.98 0.88 0.08  0 1 1	5
41	100	5434	0.000000e+00	5.300000e+01	8.100002e+01	3.537100e-04	8.568037e+00	1.00 0.99 0.83  0 0 1	17
42	200	9342	0.000000e+00	9.200000e+01	5.000005e+01	3.121618e-04	8.685517e+00	0.89 1.00 0.90  1 0 1	7
43	100	9491	0.000000e+00	9.300000e+01	9.800000e+01	2.987108e-04	8.659307e+00	1.00 0.99 0.85  0 0 1	14
44	100	7521	0.000000e+00	7.400000e+01	4.700005e+01	3.126006e-04	8.704325e+00	0.95 1.00 0.85  1 0 1	9
45	100	3903	0.000000e+00	3.800000e+01	6.500003e+01	4.814784e-04	8.552327e+00	1.00 1.00 0.65  0 0 1	12
46	100	3874	0.000000e+00	3.800000e+01	3.600006e+01	3.077097e-04	8.740459e+00	0.98 1.00 0.86  0 0 1	8
47	100	7549	0.000000e+00	7.400000e+01	7.500003e+01	3.206580e-04	8.672782e+00	0.99 1.00 0.90  0 0 1	14
48	200	215	0.000000e+00	2.000000e+00	1.300009e+01	1.193918e-03	8.369443e+00	0.98 0.36 0.05  0 1 1	5
49	100	3930	0.000000e+00	3.800000e+01	9.200001e+01	6.715244e-04	8.208847e+00	1.00 0.92 0.66  0 1 1	19
50	200	9515	0.000000e+00	9.400000e+01	2.100008e+01	4.854064e-04	8.325551e+00	0.20 1.00 0.96  1 0 0	4
51	200	219	0.000000e+00	2.000000e+00	1.700008e+01	2.279848e-03	7.868881e+00	0.98 0.33 0.06  0 1 1	4
52	200	9362	0.000000e+00	9.200000e+01	7.000003e+01	2.878916e-04	8.721644e+00	0.99 1.00 0.88  0 0 1	10
53	100	7526	0.000000e+00	7.400000e+01	5.200005e+01	3.052531e-04	8.716132e+00	0.99 1.00 0.85  0 0 1	10
54	100	7503	0.000000e+00	7.400000e+01	2.900007e+01	3.702762e-04	8.563986e+00	0.67 1.00 0.90  1 0 1	6
55	100	3431	0.000000e+00	3.300000e+01	9.800000e+01	7.138126e-04	8.022556e+00	1.00 0.86 0.80  0 1 1	29
56	100	5429	0.000000e+00	5.300000e+01	7.600002e+01	3.309116e-04	8.601243e+00	1.00 0.99 0.84  0 0 1	16
57	200	7550	0.000000e+00	7.400000e+01	7.600002e+01	3.227730e-04	8.667975e+00	1.00 1.00 0.90  0 0 1	14
58	200	1162	0.000000e+00	1.100000e+01	5.100005e+01	9.850053e-04	7.815501e+00	1.00 0.80 0.74  0 1 1	13
59	100	7561	0.000000e+00	7.400000e+01	8.700001e+01	3.545056e-04	8.623369e+00	1.00 0.99 0.91  0 0 1	16
60	200	206	0.000000e+00	2.000000e+00	4.000096e+00	8.820459e-04	8.623095e+00	0.52 0.99 0.74  1 0 1	2
61	100	5453	0.000000e+00	5.300000e+01	1.000000e+02	5.157827e-04	8.354262e+00	1.00 0.90 0.76  0 1 1	22
62	200	1120	0.000000e+00	1.100000e+01	9.000091e+00	4.517133e-04	8.615694e+00	0.62 1.00 0.89  1 0 1	3
63	100	3024	0.000000e+00	2.900000e+01	9.500001e+01	8.529422e-04	7.794068e+00	1.00 0.78 0.88  0 1 1	30
64	100	7521	0.000000e+00	7.400000e+01	4.700005e+01	3.126006e-04	8.704325e+00	0.95 1.00 0.85  1 0 1	9
65	200	221	0.000000e+00	2.000000e+00	1.900008e+01	2.363202e-03	7.712029e+00	0.98 0.33 0.03  0 1 1	5
66	100	7515	0.000000e+00	7.400000e+01	4.100006e+01	3.251472e-04	8.677564e+00	0.88 1.00 0.86  1 0 1	8
67	200	3854	0.000000e+00	3.800000e+01	1.600008e+01	4.360392e-04	8.504297e+00	0.46 1.00 0.95  1 0 1	3
68	100	4641	0.000000e+00	4.500000e+01	9.600000e+01	5.351806e-04	8.301190e+00	1.00 0.91 0.82  0 1 1	24
69	100	4439	0.000000e+00	4.300000e+01	9.600000e+01	5.192035e-04	8.285228e+00	1.00 0.89 0.74  0 1 1	22
70	100	4942	0.000000e+00	4.800000e+01	9.400001e+01	4.519218e-04	8.366550e+00	1.00 0.92 0.69  0 1 1	19
71	200	3890	0.000000e+00	3.800000e+01	5.200005e+01	3.228377e-04	8.676085e+00	0.99 1.00 0.79  0 0 1	8
72	200	9348	0.000000e+00	9.200000e+01	5.600004e+01	2.995744e-04	8.711417e+00	0.95 1.00 0.89  0 0 1	8
73	200	9355	0.000000e+00	9.200000e+01	6.300004e+01	2.916323e-04	8.722359e+00	0.99 1.00 0.88  0 0 1	9
74	200	1120	0.000000e+00	1.100000e+01	9.000091e+00	4.517133e-04	8.615694e+00	0.62 1.00 0.89  1 0 1	3
75	100	9450	0.000000e+00	9.300000e+01	5.700004e+01	2.926740e-04	8.724164e+00	0.94 1.00 0.86  1 0 1	8
76	200	3878	0.000000e+00	3.800000e+01	4.000006e+01	3.035680e-04	8.728472e+00	0.99 1.00 0.91  0 0 1	8
77	200	1163	0.000000e+00	1.100000e+01	5.200005e+01	9.987795e-04	7.781073e+00	1.00 0.81 0.81  0 1 1	14
78	200	3935	0.000000e+00	3.800000e+01	9.700000e+01	6.628161e-04	8.148842e+00	1.00 0.91 0.80  0 1 1	21
79	100	3890	0.000000e+00	3.800000e+01	5.200005e+01	3.390171e-04	8.678458e+00	0.99 1.00 0.80  0 0 1	11
80	100	5857	0.000000e+00	5.700000e+01	1.000000e+02	4.780990e-04	8.401944e+00	1.00 0.92 0.85  0 1 1	22
81	200	6412	0.000000e+00	6.300000e+01	4.900005e+01	2.865592e-04	8.727534e+00	0.99 1.00 0.90  0 0 1	8
82	100	9471	0.000000e+00	9.300000e+01	7.800002e+01	2.786861e-04	8.721991e+00	0.99 1.00 0.84  0 0 1	11
83	100	5452	0.000000e+00	5.300000e+01	9.900000e+01	4.803134e-04	8.403345e+00	1.00 0.90 0.77  0 1 1	21
84	200	6385	0.000000e+00	6.300000e+01	2.200008e+01	4.038418e-04	8.479753e+00	0.49 1.00 0.95  1 0 0	4
85	100	7572	0.000000e+00	7.400000e+01	9.800000e+01	4.071481e-04	8.562785e+00	1.00 1.00 0.90  0 0 1	18
86	200	9515	0.000000e+00	9.400000e+01	2.100008e+01	4.854064e-04	8.325551e+00	0.20 1.00 0.96  1 0 0	4
87	100	3736	0.000000e+00	3.600000e+01	1.000000e+02	6.983957e-04	7.971260e+00	1.00 0.86 0.82  0 1 1	25
88	100	5438	0.000000e+00	5.300000e+01	8.500002e+01	3.801971e-04	8.531794e+00	1.00 0.98 0.82  0 0 1	18
89	100	3433	0.000000e+00	3.300000e+01	1.000000e+02	7.675129e-04	7.967195e+00	1.00 0.87 0.80  0 1 1	30
90	100	7555	0.000000e+00	7.400000e+01	8.100002e+01	3.353484e-04	8.649517e+00	1.00 0.99 0.90  0 0 1	15
91	100	4942	0.000000e+00	4.800000e+01	9.400001e+01	4.519218e-04	8.366550e+00	1.00 0.92 0.69  0 1 1	19
92	200	9355	0.000000e+00	9.200000e+01	6.300004e+01	2.916323e-04	8.722359e+00	0.99 1.00 0.88  0 0 1	9
93	200	208	0.000000e+00	2.000000e+00	6.000094e+00	1.390061e-03	8.634028e+00	0.70 0.47 0.12  1 1 1	2
94	100	3837	0.000000e+00	3.700000e+01	1.000000e+02	8.036759e-04	7.920374e+00	1.00 0.83 0.79  0 1 1	30
95	100	4942	0.000000e+00	4.800000e+01	9.400001e+01	4.519218e-04	8.366550e+00	1.00 0.92 0.69  0 1 1	19
96	100	5453	0.000000e+00	5.300000e+01	1.000000e+02	5.383997e-04	8.302664e+00	1.00 0.88 0.76  0 1 1	23
97	100	3123	0.000000e+00	3.000000e+01	9.300001e+01	8.223957e-04	7.912881e+00	1.00 0.85 0.79  0 1 1	31
98	100	3123	0.000000e+00	3.000000e+01	9.300001e+01	8.223957e-04	7.912881e+00	1.00 0.85 0.79  0 1 1	31
99	100	3130	0.000000e+00	3.000000e+01	1.000000e+02	1.098729e-03	7.611034e+00	1.00 0.79 0.75  0 1 1	37
100	200	215	0.000000e+00	2.000000e+00	1.300009e+01	1.193918e-03	8.369443e+00	0.98 0.36 0.05  0 1 1	5
